1.09576 1.09589 1.09595 1.09582
1.09582 1.09597 1.09607 1.09573
1.09568 1.09583 1.09590 1.09557
1.09597 1.09610 1.09597 1.09580
1.09582 1.09595 1.09607 1.09593
1.09598 1.09612 1.09599 1.09591
1.09599 1.09612 1.09611 1.09601
1.09599 1.09613 1.09615 1.09600
1.09623 1.09637 1.09633 1.09612
1.09615 1.09629 1.09634 1.09626
1.09619 1.09634 1.09626 1.09622
1.09617 1.09632 1.09624 1.09629
1.09598 1.09612 1.09619 1.09612
1.09609 1.09625 1.09609 1.09605
1.09601 1.09617 1.09609 1.09611
1.09556 1.09570 1.09602 1.09570
1.09562 1.09579 1.09563 1.09556
1.09559 1.09573 1.09566 1.09563
1.09569 1.09586 1.09572 1.09563
1.09582 1.09596 1.09602 1.09578
1.09589 1.09606 1.09607 1.09592
1.09562 1.09577 1.09591 1.09570
1.09540 1.09556 1.09563 1.09538
1.09541 1.09556 1.09556 1.09538
1.09496 1.09510 1.09555 1.09504
1.09495 1.09512 1.09544 1.09497
1.09469 1.09483 1.09512 1.09482
1.09457 1.09472 1.09486 1.09470
1.09463 1.09476 1.09469 1.09465
1.09422 1.09435 1.09469 1.09435
1.09456 1.09472 1.09460 1.09429
1.09496 1.09511 1.09498 1.09471
1.09484 1.09499 1.09501 1.09487
1.09524 1.09536 1.09529 1.09498
1.09513 1.09526 1.09538 1.09521
1.09496 1.09510 1.09529 1.09505
1.09506 1.09520 1.09515 1.09510
1.09516 1.09529 1.09529 1.09517
1.09514 1.09528 1.09528 1.09523
1.09481 1.09495 1.09521 1.09492
1.09494 1.09507 1.09495 1.09474
1.09481 1.09494 1.09501 1.09471
1.09497 1.09511 1.09499 1.09476
1.09494 1.09507 1.09498 1.09480
1.09527 1.09541 1.09531 1.09507
1.09521 1.09535 1.09542 1.09526
1.09526 1.09542 1.09536 1.09519
1.09502 1.09516 1.09543 1.09512
1.09442 1.09457 1.09511 1.09447
1.09436 1.09450 1.09473 1.09448
1.09414 1.09428 1.09443 1.09407
1.09426 1.09441 1.09429 1.09368
1.09477 1.09491 1.09498 1.09441
1.09509 1.09524 1.09515 1.09489
1.09530 1.09544 1.09531 1.09484
1.09521 1.09534 1.09563 1.09511
1.09531 1.09547 1.09534 1.09496
1.09529 1.09542 1.09572 1.09531
1.09497 1.09511 1.09546 1.09463
1.09584 1.09598 1.09589 1.09484
1.09534 1.09548 1.09599 1.09542
1.09534 1.09550 1.09552 1.09451
1.09561 1.09574 1.09584 1.09544
1.09478 1.09492 1.09562 1.09489
1.09496 1.09509 1.09527 1.09492
1.09460 1.09474 1.09516 1.09455
1.09548 1.09562 1.09559 1.09460
1.09576 1.09589 1.09598 1.09543
1.09564 1.09578 1.09616 1.09571
1.09551 1.09565 1.09573 1.09556
1.09546 1.09559 1.09589 1.09538
1.09469 1.09483 1.09549 1.09476
1.09505 1.09516 1.09536 1.09477
1.09493 1.09507 1.09521 1.09504
1.09420 1.09432 1.09499 1.09411
1.09413 1.09427 1.09440 1.09385
1.09324 1.09338 1.09422 1.09318
1.09289 1.09303 1.09373 1.09292
1.09320 1.09334 1.09327 1.09289
1.09307 1.09321 1.09325 1.09268
1.09322 1.09334 1.09322 1.09273
1.09260 1.09275 1.09330 1.09244
1.09331 1.09346 1.09336 1.09271
1.09310 1.09323 1.09437 1.09321
1.09423 1.09436 1.09423 1.09249
1.09297 1.09311 1.09437 1.09303
1.09252 1.09266 1.09323 1.09157
1.09166 1.09181 1.09287 1.09157
1.09184 1.09198 1.09189 1.09154
1.09028 1.09042 1.09195 1.09023
1.09119 1.09132 1.09128 1.08976
1.09122 1.09135 1.09163 1.09087
1.09125 1.09138 1.09165 1.09125
1.09078 1.09091 1.09128 1.09091
1.09054 1.09068 1.09080 1.09063
1.09074 1.09086 1.09075 1.09028
1.09118 1.09131 1.09118 1.09085
1.09148 1.09163 1.09179 1.09130
1.09112 1.09125 1.09152 1.09112
1.09103 1.09117 1.09134 1.09108
1.09140 1.09154 1.09143 1.09106
1.09165 1.09178 1.09171 1.09132
1.09152 1.09167 1.09165 1.09158
1.09153 1.09166 1.09155 1.09139
1.09157 1.09170 1.09164 1.09154
1.09185 1.09199 1.09188 1.09154
1.09203 1.09215 1.09211 1.09196
1.09206 1.09219 1.09220 1.09211
1.09204 1.09217 1.09210 1.09210
1.09209 1.09224 1.09233 1.09212
1.09190 1.09202 1.09224 1.09189
1.09193 1.09206 1.09194 1.09194
1.09163 1.09179 1.09195 1.09179
1.09166 1.09179 1.09183 1.09177
1.09150 1.09164 1.09167 1.09149
1.09158 1.09174 1.09163 1.09147
1.09151 1.09165 1.09160 1.09157
1.09112 1.09129 1.09156 1.09129
1.09117 1.09134 1.09121 1.09124
1.09122 1.09137 1.09128 1.09120
1.09110 1.09172 1.09124 1.09133
1.09124 1.09198 1.09127 1.09155
1.09122 1.09177 1.09126 1.09173
1.09114 1.09163 1.09124 1.09155
1.09120 1.09158 1.09122 1.09154
1.09135 1.09156 1.09142 1.09154
1.09136 1.09153 1.09146 1.09152
1.09142 1.09157 1.09145 1.09152
1.09138 1.09154 1.09142 1.09147
1.09143 1.09157 1.09144 1.09146
1.09149 1.09163 1.09149 1.09146
1.09153 1.09169 1.09159 1.09163
1.08978 1.08994 1.09160 1.08994
1.08974 1.08989 1.08986 1.08977
1.08951 1.08967 1.08977 1.08967
1.09155 1.09169 1.09155 1.08957
1.09124 1.09139 1.09176 1.09119
1.09169 1.09182 1.09175 1.09113
1.09131 1.09145 1.09197 1.09137
1.09122 1.09136 1.09150 1.09131
1.09134 1.09147 1.09155 1.09121
1.09131 1.09144 1.09163 1.09136
1.09155 1.09169 1.09165 1.09135
1.09134 1.09149 1.09165 1.09144
1.09179 1.09195 1.09187 1.09149
1.09177 1.09191 1.09197 1.09183
1.09218 1.09233 1.09256 1.09191
1.09264 1.09277 1.09271 1.09231
1.09204 1.09219 1.09267 1.09214
1.09253 1.09267 1.09267 1.09209
1.09266 1.09281 1.09275 1.09263
1.09294 1.09310 1.09302 1.09280
1.09343 1.09356 1.09343 1.09306
1.09342 1.09355 1.09360 1.09339
1.09390 1.09404 1.09392 1.09345
1.09370 1.09384 1.09390 1.09363
1.09354 1.09368 1.09407 1.09346
1.09337 1.09361 1.09384 1.09348
1.09078 1.09095 1.09343 1.08975
1.08961 1.08976 1.09085 1.08959
1.08713 1.08726 1.08964 1.08684
1.08717 1.08730 1.08845 1.08677
1.08728 1.08742 1.08783 1.08719
1.08713 1.08727 1.08746 1.08677
1.08650 1.08665 1.08721 1.08610
1.08686 1.08699 1.08694 1.08623
1.08745 1.08759 1.08781 1.08698
1.08875 1.08890 1.08888 1.08750
1.08860 1.08874 1.08932 1.08860
1.08836 1.08850 1.08885 1.08828
1.08852 1.08867 1.08908 1.08795
1.08945 1.08959 1.08959 1.08863
1.08857 1.08872 1.08945 1.08855
1.08851 1.08864 1.08881 1.08840
1.08807 1.08822 1.08871 1.08795
1.08817 1.08832 1.08827 1.08804
1.08792 1.08806 1.08852 1.08795
1.08792 1.08805 1.08830 1.08805
1.08787 1.08801 1.08793 1.08779
1.08769 1.08783 1.08792 1.08771
1.08729 1.08742 1.08778 1.08742
1.08686 1.08701 1.08751 1.08700
1.08707 1.08721 1.08724 1.08694
1.08691 1.08705 1.08735 1.08694
1.08724 1.08737 1.08736 1.08689
1.08728 1.08742 1.08745 1.08728
1.08723 1.08737 1.08731 1.08728
1.08710 1.08721 1.08727 1.08716
1.08706 1.08720 1.08712 1.08700
1.08703 1.08717 1.08719 1.08700
1.08714 1.08727 1.08719 1.08707
1.08695 1.08708 1.08715 1.08698
1.08678 1.08691 1.08695 1.08663
1.08682 1.08695 1.08690 1.08673
1.08676 1.08688 1.08685 1.08686
1.08700 1.08714 1.08705 1.08673
1.08695 1.08708 1.08715 1.08701
1.08679 1.08694 1.08695 1.08678
1.08684 1.08699 1.08696 1.08683
1.08684 1.08698 1.08688 1.08682
1.08653 1.08668 1.08685 1.08656
1.08663 1.08677 1.08667 1.08657
1.08644 1.08658 1.08667 1.08645
1.08601 1.08698 1.08653 1.08651
1.08635 1.08690 1.08644 1.08678
1.08641 1.08677 1.08651 1.08677
1.08649 1.08671 1.08649 1.08668
1.08649 1.08671 1.08652 1.08669
1.08631 1.08665 1.08649 1.08658
1.08632 1.08648 1.08641 1.08640
1.08654 1.08669 1.08654 1.08634
1.08657 1.08673 1.08661 1.08667
1.08650 1.08666 1.08657 1.08663
1.08654 1.08672 1.08659 1.08659
1.08643 1.08659 1.08654 1.08655
1.08647 1.08663 1.08665 1.08659
1.08655 1.08671 1.08660 1.08662
1.08704 1.08717 1.08704 1.08669
1.08690 1.08703 1.08704 1.08690
1.08379 1.08395 1.08691 1.08395
1.08391 1.08405 1.08408 1.08361
1.08397 1.08411 1.08413 1.08386
1.08415 1.08428 1.08430 1.08369
1.08414 1.08430 1.08442 1.08406
1.08415 1.08428 1.08422 1.08396
1.08431 1.08446 1.08466 1.08428
1.08453 1.08467 1.08469 1.08429
1.08451 1.08464 1.08488 1.08464
1.08435 1.08448 1.08465 1.08439
1.08435 1.08448 1.08441 1.08430
1.08419 1.08434 1.08436 1.08420
1.08451 1.08466 1.08457 1.08425
1.08484 1.08497 1.08485 1.08455
1.08534 1.08548 1.08542 1.08483
1.08494 1.08507 1.08537 1.08501
1.08509 1.08520 1.08536 1.08504
1.08508 1.08524 1.08519 1.08502
1.08530 1.08545 1.08546 1.08519
1.08556 1.08570 1.08561 1.08531
1.08585 1.08598 1.08586 1.08534
1.08699 1.08714 1.08722 1.08598
1.08728 1.08743 1.08735 1.08685
1.08859 1.08875 1.08870 1.08715
1.08877 1.08892 1.08927 1.08852
1.08945 1.08960 1.08956 1.08891
1.08993 1.09006 1.09009 1.08937
1.09073 1.09087 1.09075 1.09000
1.09046 1.09059 1.09091 1.09041
1.09000 1.09013 1.09078 1.09008
1.09085 1.09098 1.09132 1.08973
1.09141 1.09154 1.09159 1.09097
1.09176 1.09188 1.09234 1.09141
1.09262 1.09276 1.09275 1.09176
1.09243 1.09257 1.09312 1.09256
1.09166 1.09180 1.09280 1.09149
1.09159 1.09173 1.09253 1.09168
1.09098 1.09110 1.09159 1.09094
1.09160 1.09172 1.09181 1.09073
1.09165 1.09179 1.09178 1.09115
1.09122 1.09135 1.09176 1.09105
1.09105 1.09119 1.09151 1.09119
1.09142 1.09156 1.09173 1.09119
1.09189 1.09202 1.09190 1.09123
1.09145 1.09158 1.09218 1.09141
1.09139 1.09154 1.09161 1.09140
1.09154 1.09168 1.09171 1.09136
1.09137 1.09151 1.09180 1.09143
1.09128 1.09141 1.09151 1.09127
1.09202 1.09215 1.09204 1.09131
1.09205 1.09218 1.09207 1.09195
1.09197 1.09210 1.09224 1.09201
1.09148 1.09160 1.09198 1.09159
1.09101 1.09115 1.09154 1.09110
1.09111 1.09125 1.09117 1.09105
1.09148 1.09161 1.09153 1.09114
1.09149 1.09162 1.09153 1.09114
1.09148 1.09161 1.09153 1.09114
1.09149 1.09160 1.09153 1.09114
1.09148 1.09161 1.09153 1.09114
1.09148 1.09161 1.09153 1.09114
1.09149 1.09162 1.09153 1.09114
1.09148 1.09161 1.09153 1.09114
1.09147 1.09160 1.09153 1.09114
1.09148 1.09161 1.09153 1.09114
1.09147 1.09160 1.09153 1.09114
1.09148 1.09161 1.09153 1.09114
1.09142 1.09156 1.09153 1.09114
1.09127 1.09140 1.09143 1.09134
1.09131 1.09145 1.09141 1.09134
1.09125 1.09139 1.09142 1.09133
1.09117 1.09131 1.09131 1.09123
1.09107 1.09120 1.09129 1.09109
1.09109 1.09123 1.09123 1.09116
1.09128 1.09141 1.09142 1.09123
1.09117 1.09133 1.09129 1.09126
1.09118 1.09132 1.09139 1.09130
1.09110 1.09122 1.09124 1.09101
1.09100 1.09115 1.09125 1.09109
1.09090 1.09106 1.09101 1.09103
1.09084 1.09100 1.09093 1.09094
1.09080 1.09097 1.09090 1.09093
1.09083 1.09099 1.09085 1.09089
1.09092 1.09115 1.09101 1.09095
1.09091 1.09150 1.09101 1.09109
1.09094 1.09153 1.09105 1.09144
1.09076 1.09133 1.09104 1.09125
1.09079 1.09128 1.09080 1.09128
1.09064 1.09124 1.09079 1.09123
1.09097 1.09120 1.09099 1.09095
1.09100 1.09120 1.09105 1.09104
1.09115 1.09140 1.09124 1.09117
1.09101 1.09129 1.09115 1.09125
1.09085 1.09104 1.09111 1.09101
1.09086 1.09105 1.09090 1.09102
1.09084 1.09107 1.09091 1.09098
1.09086 1.09109 1.09087 1.09093
1.09082 1.09102 1.09087 1.09099
1.09068 1.09089 1.09083 1.09089
1.09069 1.09090 1.09074 1.09080
1.09073 1.09091 1.09095 1.09087
1.09052 1.09067 1.09076 1.09066
1.09081 1.09097 1.09084 1.09067
1.09064 1.09079 1.09091 1.09074
1.09068 1.09084 1.09074 1.09061
1.09063 1.09077 1.09070 1.09065
1.09026 1.09043 1.09065 1.09038
1.09003 1.09017 1.09034 1.09013
1.09038 1.09053 1.09044 1.09017
1.09060 1.09073 1.09065 1.09025
1.09044 1.09057 1.09064 1.09049
1.09151 1.09167 1.09159 1.09052
1.09121 1.09136 1.09170 1.09130
1.09066 1.09079 1.09124 1.09077
1.09079 1.09094 1.09099 1.09076
1.09094 1.09109 1.09099 1.09080
1.09079 1.09093 1.09098 1.09075
1.09062 1.09078 1.09085 1.09076
1.09071 1.09088 1.09089 1.09072
1.09075 1.09088 1.09090 1.09080
1.09058 1.09074 1.09075 1.09072
1.09080 1.09095 1.09080 1.09074
1.09068 1.09083 1.09082 1.09083
1.09072 1.09087 1.09086 1.09083
1.09081 1.09097 1.09083 1.09080
1.09113 1.09127 1.09117 1.09097
1.09124 1.09137 1.09131 1.09121
1.09126 1.09140 1.09136 1.09133
1.09136 1.09149 1.09139 1.09140
1.09154 1.09168 1.09155 1.09138
1.09140 1.09153 1.09159 1.09152
1.09145 1.09162 1.09146 1.09147
1.09163 1.09181 1.09163 1.09151
1.09149 1.09162 1.09176 1.09161
1.09155 1.09168 1.09163 1.09161
1.09140 1.09155 1.09164 1.09154
1.09166 1.09180 1.09173 1.09150
1.09152 1.09166 1.09176 1.09160
1.09115 1.09129 1.09154 1.09120
1.09052 1.09066 1.09115 1.09038
1.08959 1.08974 1.09057 1.08966
1.08904 1.08919 1.08967 1.08898
1.08924 1.08939 1.08925 1.08891
1.08880 1.08896 1.08925 1.08894
1.08898 1.08911 1.08908 1.08889
1.08934 1.08950 1.08940 1.08906
1.08830 1.08843 1.08935 1.08843
1.08817 1.08833 1.08875 1.08827
1.08799 1.08813 1.08842 1.08805
1.08797 1.08812 1.08824 1.08799
1.08787 1.08802 1.08828 1.08786
1.08717 1.08730 1.08799 1.08721
1.08731 1.08744 1.08752 1.08711
1.08770 1.08783 1.08789 1.08744
1.08818 1.08831 1.08861 1.08783
1.08839 1.08854 1.08854 1.08828
1.08878 1.08891 1.08880 1.08854
1.08883 1.08897 1.08884 1.08847
1.08843 1.08856 1.08885 1.08843
1.08895 1.08908 1.08898 1.08850
1.08885 1.08898 1.08908 1.08884
1.08876 1.08890 1.08899 1.08887
1.08866 1.08880 1.08895 1.08878
1.08806 1.08820 1.08871 1.08820
1.08826 1.08841 1.08827 1.08768
1.08897 1.08912 1.08912 1.08840
1.08863 1.08878 1.08921 1.08877
1.08858 1.08871 1.08868 1.08822
1.08840 1.08854 1.08877 1.08853
1.08873 1.08887 1.08880 1.08852
1.08923 1.08938 1.08923 1.08882
1.08903 1.08919 1.08954 1.08913
1.08875 1.08891 1.08950 1.08890
1.08986 1.09000 1.09005 1.08882
1.09020 1.09036 1.09042 1.08993
1.08967 1.08984 1.09027 1.08975
1.08968 1.08982 1.08977 1.08941
1.08935 1.08949 1.08981 1.08949
1.08975 1.08989 1.08990 1.08931
1.08990 1.09002 1.09013 1.08978
1.08976 1.08989 1.08999 1.08976
1.08982 1.08997 1.08983 1.08946
1.08989 1.09002 1.09027 1.08985
1.09044 1.09055 1.09047 1.08984
1.09071 1.09085 1.09075 1.09050
1.09083 1.09095 1.09092 1.09072
1.09056 1.09071 1.09107 1.09064
1.09074 1.09088 1.09090 1.09051
1.09117 1.09132 1.09124 1.09078
1.09145 1.09158 1.09145 1.09130
1.09083 1.09097 1.09163 1.09082
1.09149 1.09166 1.09197 1.09080
1.09112 1.09127 1.09166 1.09116
1.09216 1.09232 1.09331 1.09122
1.09106 1.09121 1.09250 1.09113
1.09112 1.09126 1.09154 1.09098
1.09090 1.09104 1.09122 1.09084
1.09083 1.09097 1.09102 1.09067
1.09025 1.09038 1.09104 1.09038
1.09056 1.09068 1.09077 1.09035
1.09067 1.09080 1.09067 1.09025
1.09122 1.09135 1.09126 1.09051
1.09104 1.09118 1.09129 1.09106
1.09072 1.09085 1.09140 1.09050
1.09172 1.09185 1.09172 1.09079
1.09191 1.09205 1.09223 1.09176
1.09165 1.09179 1.09224 1.09175
1.09198 1.09210 1.09202 1.09159
1.09176 1.09189 1.09207 1.09178
1.09132 1.09146 1.09176 1.09145
1.09168 1.09181 1.09194 1.09144
1.09162 1.09175 1.09169 1.09150
1.09156 1.09170 1.09165 1.09160
1.09151 1.09165 1.09190 1.09159
1.09124 1.09139 1.09155 1.09124
1.09128 1.09141 1.09135 1.09131
1.09148 1.09163 1.09149 1.09136
1.09127 1.09140 1.09150 1.09140
1.09116 1.09132 1.09128 1.09130
1.09105 1.09119 1.09120 1.09118
1.09091 1.09104 1.09105 1.09091
1.09107 1.09119 1.09107 1.09098
1.09111 1.09124 1.09121 1.09118
1.09120 1.09133 1.09120 1.09121
1.09105 1.09118 1.09120 1.09113
1.09092 1.09106 1.09109 1.09106
1.09107 1.09121 1.09109 1.09106
1.09102 1.09115 1.09113 1.09105
1.09107 1.09121 1.09112 1.09114
1.09107 1.09120 1.09111 1.09116
1.09098 1.09112 1.09108 1.09109
1.09106 1.09121 1.09109 1.09112
1.09109 1.09124 1.09111 1.09120
1.09093 1.09106 1.09109 1.09106
1.09092 1.09106 1.09100 1.09097
1.09111 1.09127 1.09114 1.09104
1.09109 1.09123 1.09115 1.09119
1.09111 1.09125 1.09112 1.09121
1.09125 1.09142 1.09126 1.09125
1.09129 1.09145 1.09131 1.09139
1.09129 1.09145 1.09135 1.09145
1.09085 1.09162 1.09135 1.09145
1.09085 1.09154 1.09087 1.09148
1.09104 1.09146 1.09104 1.09144
1.09110 1.09148 1.09112 1.09142
1.09112 1.09146 1.09112 1.09140
1.09121 1.09157 1.09121 1.09146
1.09084 1.09150 1.09122 1.09141
1.09128 1.09149 1.09133 1.09138
1.09137 1.09155 1.09139 1.09143
1.09140 1.09157 1.09146 1.09152
1.09126 1.09142 1.09141 1.09140
1.09121 1.09138 1.09127 1.09136
1.09126 1.09142 1.09127 1.09136
1.09124 1.09140 1.09135 1.09140
1.09127 1.09145 1.09128 1.09132
1.09140 1.09155 1.09142 1.09142
1.09131 1.09145 1.09142 1.09142
1.09135 1.09151 1.09136 1.09143
1.09119 1.09135 1.09135 1.09135
1.09124 1.09140 1.09127 1.09135
1.09120 1.09135 1.09125 1.09133
1.09101 1.09117 1.09123 1.09110
1.09103 1.09118 1.09129 1.09111
1.09104 1.09122 1.09112 1.09114
1.09095 1.09110 1.09108 1.09103
1.09097 1.09115 1.09104 1.09107
1.09114 1.09130 1.09122 1.09106
1.09089 1.09105 1.09124 1.09103
1.09100 1.09114 1.09100 1.09095
1.09092 1.09106 1.09102 1.09100
1.09141 1.09156 1.09141 1.09101
1.09146 1.09163 1.09157 1.09145
1.09095 1.09112 1.09148 1.09110
1.09095 1.09111 1.09114 1.09101
1.09085 1.09101 1.09103 1.09089
1.09101 1.09116 1.09104 1.09095
1.09078 1.09095 1.09106 1.09094
1.09057 1.09073 1.09079 1.09067
1.09046 1.09059 1.09063 1.09059
1.09021 1.09037 1.09048 1.09034
1.09022 1.09035 1.09030 1.09033
1.09023 1.09038 1.09026 1.09033
1.09046 1.09060 1.09050 1.09035
1.09036 1.09050 1.09051 1.09050
1.09039 1.09053 1.09046 1.09050
1.09047 1.09060 1.09056 1.09049
1.09055 1.09070 1.09058 1.09060
1.09074 1.09090 1.09076 1.09060
1.09065 1.09080 1.09085 1.09078
1.09065 1.09080 1.09070 1.09078
1.09045 1.09059 1.09067 1.09049
1.09040 1.09055 1.09045 1.09049
1.09037 1.09051 1.09042 1.09041
1.09042 1.09057 1.09048 1.09044
1.09019 1.09034 1.09045 1.09031
1.09025 1.09042 1.09033 1.09034
1.09029 1.09046 1.09036 1.09038
1.09002 1.09015 1.09034 1.09014
1.09003 1.09016 1.09011 1.09008
1.08977 1.08993 1.09004 1.08986
1.08971 1.08987 1.08985 1.08983
1.08937 1.08952 1.08978 1.08948
1.08966 1.08981 1.08966 1.08950
1.08967 1.08981 1.08972 1.08971
1.08972 1.08985 1.08989 1.08981
1.08951 1.08968 1.08983 1.08956
1.08975 1.08989 1.08984 1.08962
1.09001 1.09015 1.09015 1.08988
1.09006 1.09022 1.09038 1.09011
1.09078 1.09093 1.09080 1.09021
1.09101 1.09114 1.09107 1.09084
1.09110 1.09126 1.09122 1.09094
1.09128 1.09142 1.09128 1.09089
1.09102 1.09116 1.09142 1.09110
1.09107 1.09122 1.09133 1.09093
1.09093 1.09108 1.09114 1.09090
1.09083 1.09096 1.09108 1.09096
1.09085 1.09099 1.09085 1.09083
1.09034 1.09047 1.09085 1.09047
1.09024 1.09039 1.09036 1.08969
1.08971 1.08986 1.09049 1.08986
1.09019 1.09033 1.09040 1.08986
1.08973 1.08987 1.09026 1.08980
1.09002 1.09017 1.09026 1.08985
1.08999 1.09015 1.09010 1.08994
1.09015 1.09029 1.09020 1.08961
1.08944 1.08957 1.09015 1.08949
1.08980 1.08995 1.08983 1.08953
1.08924 1.08939 1.08983 1.08928
1.08959 1.08972 1.08968 1.08938
1.08989 1.09003 1.08993 1.08950
1.09005 1.09018 1.09011 1.09002
1.09010 1.09026 1.09024 1.09003
1.08982 1.08998 1.09019 1.08997
1.09007 1.09021 1.09023 1.08993
1.09004 1.09017 1.09012 1.08977
1.08975 1.08988 1.09006 1.08987
1.08960 1.08975 1.08980 1.08961
1.08991 1.09005 1.08997 1.08973
1.08994 1.09010 1.09009 1.08993
1.09000 1.09013 1.09009 1.09000
1.08999 1.09013 1.09011 1.09007
1.09024 1.09038 1.09031 1.09009
1.08998 1.09012 1.09032 1.09009
1.08960 1.08975 1.09003 1.08963
1.08970 1.08982 1.08972 1.08959
1.08896 1.08909 1.08975 1.08905
1.08927 1.08939 1.08927 1.08906
1.08951 1.08966 1.08956 1.08930
1.08961 1.08974 1.08973 1.08960
1.09005 1.09019 1.09006 1.08972
1.09010 1.09024 1.09015 1.09008
1.08964 1.08977 1.09010 1.08976
1.08940 1.08954 1.08964 1.08945
1.08991 1.09003 1.08995 1.08953
1.08959 1.08972 1.08991 1.08972
1.08980 1.08993 1.08989 1.08967
1.08967 1.08983 1.08983 1.08972
1.08980 1.08995 1.08986 1.08979
1.08984 1.08997 1.09000 1.08989
1.08995 1.09009 1.09005 1.08989
1.08974 1.08989 1.09006 1.08970
1.08977 1.08989 1.08978 1.08967
1.08988 1.09003 1.08997 1.08983
1.08986 1.09001 1.08997 1.08990
1.08998 1.09011 1.08999 1.08995
1.08976 1.08989 1.09002 1.08981
1.08965 1.08981 1.08980 1.08974
1.08992 1.09006 1.08996 1.08981
1.09003 1.09017 1.09008 1.08995
1.09014 1.09027 1.09018 1.09000
1.09031 1.09045 1.09031 1.09015
1.09054 1.09068 1.09063 1.09045
1.08992 1.09006 1.09069 1.09005
1.08993 1.09006 1.09002 1.08991
1.09007 1.09021 1.09008 1.09004
1.09010 1.09024 1.09020 1.08991
1.08985 1.08999 1.09020 1.08998
1.09003 1.09018 1.09008 1.08989
1.08934 1.08950 1.09004 1.08950
1.08918 1.08931 1.08946 1.08931
1.08945 1.08961 1.08945 1.08931
1.08945 1.08961 1.08946 1.08949
1.08948 1.08961 1.08948 1.08955
1.08948 1.08963 1.08949 1.08952
1.08942 1.08958 1.08948 1.08939
1.08939 1.08952 1.08949 1.08952
1.08949 1.08963 1.08949 1.08952
1.08941 1.08955 1.08955 1.08955
1.08929 1.08943 1.08944 1.08942
1.08897 1.08912 1.08929 1.08912
1.08904 1.08918 1.08906 1.08912
1.08896 1.08910 1.08906 1.08910
1.08856 1.08871 1.08896 1.08868
1.08846 1.08859 1.08860 1.08851
1.08857 1.08872 1.08866 1.08859
1.08852 1.08866 1.08860 1.08866
1.08853 1.08867 1.08853 1.08853
1.08805 1.08820 1.08853 1.08817
1.08819 1.08832 1.08819 1.08817
1.08848 1.08861 1.08850 1.08832
1.08805 1.08818 1.08848 1.08815
1.08820 1.08833 1.08822 1.08808
1.08829 1.08844 1.08830 1.08832
1.08821 1.08839 1.08830 1.08838
1.08814 1.08831 1.08821 1.08826
1.08816 1.08832 1.08819 1.08826
1.08774 1.08789 1.08816 1.08788
1.08768 1.08787 1.08788 1.08776
1.08778 1.08870 1.08778 1.08783
1.08790 1.08805 1.08801 1.08805
1.08797 1.08813 1.08797 1.08798
1.08801 1.08814 1.08803 1.08810
1.08797 1.08810 1.08803 1.08809
1.08804 1.08819 1.08806 1.08809
1.08795 1.08811 1.08810 1.08810
1.08795 1.08811 1.08798 1.08804
1.08803 1.08819 1.08803 1.08808
1.08809 1.08822 1.08810 1.08817
1.08804 1.08817 1.08809 1.08812
1.08821 1.08836 1.08824 1.08816
1.08816 1.08832 1.08824 1.08829
1.08817 1.08831 1.08820 1.08826
1.08820 1.08835 1.08823 1.08826
1.08835 1.08850 1.08850 1.08831
1.08836 1.08850 1.08850 1.08841
1.08838 1.08853 1.08847 1.08845
1.08860 1.08873 1.08865 1.08845
1.08875 1.08888 1.08877 1.08866
1.08902 1.08917 1.08902 1.08879
1.08882 1.08895 1.08902 1.08894
1.08874 1.08890 1.08891 1.08890
1.08859 1.08874 1.08875 1.08865
1.08825 1.08840 1.08864 1.08840
1.08805 1.08821 1.08835 1.08821
1.08834 1.08850 1.08839 1.08818
1.08841 1.08855 1.08844 1.08838
1.08833 1.08849 1.08843 1.08846
1.08818 1.08835 1.08839 1.08833
1.08778 1.08792 1.08824 1.08789
1.08771 1.08786 1.08779 1.08771
1.08752 1.08769 1.08774 1.08766
1.08755 1.08771 1.08774 1.08769
1.08763 1.08776 1.08763 1.08757
1.08749 1.08763 1.08769 1.08760
1.08749 1.08763 1.08754 1.08758
1.08754 1.08768 1.08763 1.08763
1.08754 1.08770 1.08759 1.08764
1.08754 1.08768 1.08759 1.08765
1.08770 1.08785 1.08771 1.08767
1.08774 1.08787 1.08780 1.08783
1.08765 1.08778 1.08780 1.08778
1.08776 1.08790 1.08780 1.08778
1.08750 1.08764 1.08788 1.08764
1.08765 1.08779 1.08767 1.08761
1.08780 1.08794 1.08781 1.08778
1.08780 1.08794 1.08782 1.08791
1.08777 1.08790 1.08783 1.08782
1.08768 1.08782 1.08778 1.08779
1.08756 1.08771 1.08769 1.08768
1.08765 1.08779 1.08766 1.08770
1.08758 1.08772 1.08769 1.08770
1.08757 1.08770 1.08761 1.08763
1.08750 1.08764 1.08764 1.08764
1.08757 1.08772 1.08757 1.08760
1.08756 1.08771 1.08762 1.08763
1.08756 1.08769 1.08758 1.08767
1.08751 1.08766 1.08756 1.08759
1.08692 1.08707 1.08751 1.08690
1.08680 1.08697 1.08693 1.08685
1.08689 1.08704 1.08691 1.08691
1.08707 1.08722 1.08712 1.08702
1.08756 1.08771 1.08759 1.08720
1.08754 1.08768 1.08762 1.08765
1.08783 1.08796 1.08783 1.08768
1.08800 1.08816 1.08810 1.08792
1.08808 1.08823 1.08835 1.08802
1.08785 1.08799 1.08838 1.08795
1.08781 1.08794 1.08793 1.08782
1.08759 1.08775 1.08799 1.08774
1.08747 1.08761 1.08778 1.08749
1.08740 1.08754 1.08755 1.08723
1.08755 1.08769 1.08788 1.08754
1.08838 1.08853 1.08843 1.08768
1.08856 1.08871 1.08883 1.08853
1.08829 1.08844 1.08857 1.08841
1.08891 1.08906 1.08899 1.08832
1.08972 1.08987 1.08992 1.08888
1.09047 1.09061 1.09073 1.08984
1.09000 1.09013 1.09057 1.09010
1.08982 1.08998 1.09008 1.08983
1.08988 1.09002 1.09012 1.08973
1.08934 1.08948 1.08996 1.08938
1.08899 1.08913 1.08942 1.08885
1.08864 1.08875 1.08922 1.08866
1.08752 1.08766 1.08868 1.08765
1.08730 1.08746 1.08761 1.08671
1.08753 1.08769 1.08772 1.08746
1.08789 1.08803 1.08836 1.08760
1.08809 1.08823 1.08814 1.08781
1.08861 1.08875 1.08883 1.08793
1.08922 1.08936 1.08925 1.08845
1.08925 1.08940 1.08935 1.08911
1.08891 1.08905 1.08932 1.08903
1.08905 1.08921 1.08907 1.08876
1.08858 1.08873 1.08922 1.08848
1.08766 1.08781 1.08860 1.08762
1.08885 1.08901 1.08908 1.08781
1.08871 1.08884 1.08904 1.08879
1.08899 1.08913 1.08915 1.08884
1.08929 1.08942 1.08943 1.08912
1.08919 1.08936 1.08946 1.08909
1.08941 1.08956 1.08951 1.08905
1.08919 1.08934 1.08941 1.08916
1.08877 1.08892 1.08921 1.08891
1.08864 1.08878 1.08895 1.08863
1.08859 1.08873 1.08875 1.08865
1.08835 1.08851 1.08864 1.08843
1.08844 1.08857 1.08871 1.08850
1.08824 1.08839 1.08847 1.08823
1.08788 1.08803 1.08824 1.08796
1.08771 1.08784 1.08793 1.08782
1.08802 1.08817 1.08805 1.08783
1.08794 1.08807 1.08807 1.08788
1.08808 1.08821 1.08816 1.08798
1.08795 1.08809 1.08815 1.08789
1.08800 1.08815 1.08805 1.08793
1.08755 1.08768 1.08811 1.08761
1.08800 1.08815 1.08800 1.08763
1.08801 1.08814 1.08817 1.08798
1.08785 1.08799 1.08817 1.08798
1.08761 1.08776 1.08799 1.08764
1.08770 1.08784 1.08788 1.08764
1.08802 1.08815 1.08806 1.08772
1.08848 1.08863 1.08859 1.08812
1.08877 1.08891 1.08883 1.08850
1.08911 1.08924 1.08917 1.08871
1.08942 1.08953 1.08942 1.08908
1.08973 1.08987 1.08988 1.08953
1.08933 1.08947 1.09015 1.08942
1.08971 1.08985 1.08972 1.08933
1.08941 1.08956 1.08971 1.08932
1.08951 1.08964 1.08993 1.08954
1.08987 1.08999 1.08990 1.08962
1.08954 1.08969 1.09008 1.08960
1.08949 1.08963 1.08982 1.08947
1.08931 1.08945 1.08984 1.08929
1.08861 1.08874 1.08934 1.08864
1.08856 1.08871 1.08924 1.08869
1.08885 1.08900 1.08945 1.08865
1.08878 1.08893 1.08907 1.08886
1.08879 1.08892 1.08885 1.08830
1.08844 1.08858 1.08901 1.08858
1.08780 1.08794 1.08864 1.08791
1.08811 1.08825 1.08819 1.08789
1.08703 1.08717 1.08823 1.08716
1.08688 1.08701 1.08730 1.08699
1.08691 1.08704 1.08702 1.08678
1.08737 1.08748 1.08743 1.08701
1.08703 1.08716 1.08740 1.08689
1.08731 1.08745 1.08732 1.08704
1.08757 1.08771 1.08765 1.08732
1.08743 1.08756 1.08761 1.08747
1.08756 1.08769 1.08756 1.08736
1.08700 1.08713 1.08760 1.08710
1.08652 1.08666 1.08704 1.08661
1.08653 1.08670 1.08667 1.08655
1.08655 1.08670 1.08690 1.08660
1.08615 1.08629 1.08660 1.08621
1.08621 1.08633 1.08637 1.08621
1.08602 1.08615 1.08627 1.08615
1.08640 1.08653 1.08645 1.08614
1.08623 1.08637 1.08641 1.08629
1.08622 1.08636 1.08643 1.08631
1.08641 1.08654 1.08641 1.08631
1.08607 1.08622 1.08644 1.08618
1.08597 1.08611 1.08615 1.08598
1.08617 1.08630 1.08617 1.08597
1.08617 1.08631 1.08620 1.08614
1.08618 1.08633 1.08623 1.08623
1.08613 1.08626 1.08633 1.08626
1.08594 1.08606 1.08613 1.08601
1.08587 1.08599 1.08596 1.08599
1.08585 1.08598 1.08591 1.08590
1.08586 1.08599 1.08596 1.08593
1.08587 1.08605 1.08614 1.08592
1.08601 1.08616 1.08648 1.08604
1.08615 1.08628 1.08637 1.08610
1.08543 1.08556 1.08615 1.08556
1.08534 1.08547 1.08549 1.08536
1.08514 1.08529 1.08555 1.08529
1.08515 1.08529 1.08525 1.08517
1.08553 1.08566 1.08561 1.08522
1.08560 1.08574 1.08569 1.08559
1.08530 1.08543 1.08565 1.08541
1.08533 1.08547 1.08534 1.08533
1.08539 1.08552 1.08545 1.08537
1.08540 1.08555 1.08549 1.08549
1.08530 1.08544 1.08542 1.08537
1.08536 1.08550 1.08539 1.08537
1.08555 1.08568 1.08557 1.08548
1.08553 1.08565 1.08558 1.08555
1.08558 1.08573 1.08562 1.08560
1.08550 1.08564 1.08562 1.08554
1.08534 1.08547 1.08552 1.08547
1.08548 1.08562 1.08550 1.08546
1.08528 1.08543 1.08549 1.08540
1.08542 1.08555 1.08545 1.08538
1.08535 1.08549 1.08546 1.08549
1.08538 1.08553 1.08538 1.08547
1.08531 1.08546 1.08539 1.08545
1.08528 1.08544 1.08536 1.08542
1.08524 1.08624 1.08538 1.08542
1.08525 1.08568 1.08528 1.08568
1.08518 1.08581 1.08528 1.08568
1.08539 1.08578 1.08540 1.08566
1.08543 1.08584 1.08546 1.08577
1.08548 1.08583 1.08548 1.08577
1.08534 1.08562 1.08553 1.08557
1.08538 1.08584 1.08542 1.08553
1.08548 1.08603 1.08548 1.08573
1.08553 1.08572 1.08559 1.08571
1.08550 1.08566 1.08557 1.08565
1.08561 1.08576 1.08561 1.08565
1.08561 1.08578 1.08561 1.08573
1.08561 1.08579 1.08563 1.08566
1.08545 1.08560 1.08564 1.08560
1.08540 1.08557 1.08547 1.08553
1.08545 1.08562 1.08548 1.08557
1.08533 1.08550 1.08546 1.08550
1.08522 1.08538 1.08536 1.08528
1.08541 1.08556 1.08542 1.08537
1.08536 1.08549 1.08541 1.08540
1.08507 1.08522 1.08541 1.08522
1.08471 1.08486 1.08511 1.08486
1.08472 1.08488 1.08474 1.08467
1.08465 1.08480 1.08478 1.08477
1.08442 1.08456 1.08465 1.08456
1.08433 1.08448 1.08456 1.08448
1.08507 1.08521 1.08507 1.08428
1.08498 1.08511 1.08511 1.08480
1.08518 1.08531 1.08561 1.08511
1.08497 1.08511 1.08521 1.08462
1.08491 1.08506 1.08519 1.08496
1.08574 1.08588 1.08574 1.08504
1.08636 1.08650 1.08648 1.08588
1.08628 1.08643 1.08649 1.08624
1.08651 1.08666 1.08656 1.08608
1.08652 1.08668 1.08680 1.08657
1.08623 1.08638 1.08661 1.08638
1.08609 1.08627 1.08630 1.08615
1.08662 1.08677 1.08662 1.08619
1.08668 1.08683 1.08671 1.08632
1.08646 1.08661 1.08673 1.08659
1.08623 1.08637 1.08647 1.08632
1.08617 1.08633 1.08628 1.08613
1.08640 1.08656 1.08645 1.08631
1.08683 1.08695 1.08688 1.08640
1.08803 1.08818 1.08809 1.08695
1.08804 1.08818 1.08820 1.08767
1.08867 1.08881 1.08885 1.08807
1.08850 1.08864 1.08894 1.08842
1.08855 1.08869 1.08886 1.08859
1.08878 1.08894 1.08884 1.08855
1.08864 1.08880 1.08887 1.08854
1.08840 1.08853 1.08867 1.08841
1.08870 1.08884 1.08881 1.08853
1.08841 1.08856 1.08875 1.08845
1.08924 1.08938 1.08944 1.08844
1.08910 1.08923 1.08949 1.08906
1.08934 1.08947 1.08938 1.08909
1.08944 1.08956 1.08972 1.08946
1.08910 1.08924 1.08949 1.08920
1.08941 1.08954 1.08970 1.08923
1.08932 1.08947 1.08953 1.08918
1.08987 1.09000 1.09000 1.08944
1.08653 1.08669 1.08989 1.08618
1.08718 1.08732 1.08726 1.08638
1.08698 1.08714 1.08808 1.08674
1.08659 1.08674 1.08742 1.08592
1.08688 1.08703 1.08695 1.08640
1.08690 1.08703 1.08700 1.08658
1.08683 1.08697 1.08756 1.08659
1.08810 1.08825 1.08844 1.08682
1.08721 1.08735 1.08817 1.08732
1.08770 1.08784 1.08783 1.08680
1.08800 1.08812 1.08854 1.08778
1.08831 1.08846 1.08872 1.08795
1.08840 1.08853 1.08871 1.08825
1.08777 1.08791 1.08846 1.08779
1.08749 1.08763 1.08787 1.08698
1.08816 1.08832 1.08831 1.08763
1.08756 1.08772 1.08854 1.08676
1.08477 1.08491 1.08773 1.08490
1.08589 1.08601 1.08600 1.08470
1.08457 1.08472 1.08595 1.08472
1.08450 1.08462 1.08477 1.08428
1.08365 1.08376 1.08470 1.08373
1.08366 1.08379 1.08393 1.08343
1.08424 1.08438 1.08424 1.08373
1.08680 1.08695 1.08691 1.08435
1.08657 1.08670 1.08738 1.08645
1.08640 1.08655 1.08698 1.08643
1.08661 1.08674 1.08676 1.08643
1.08660 1.08672 1.08688 1.08645
1.08599 1.08612 1.08664 1.08603
1.08652 1.08665 1.08659 1.08590
1.08733 1.08746 1.08773 1.08660
1.08687 1.08701 1.08740 1.08689
1.08673 1.08687 1.08703 1.08659
1.08720 1.08733 1.08727 1.08685
1.08826 1.08839 1.08830 1.08730
1.08796 1.08810 1.08854 1.08806
1.08742 1.08755 1.08797 1.08755
1.08714 1.08728 1.08745 1.08722
1.08719 1.08735 1.08723 1.08718
1.08718 1.08733 1.08743 1.08729
1.08738 1.08753 1.08763 1.08723
1.08750 1.08766 1.08752 1.08734
1.08706 1.08719 1.08764 1.08716
1.08732 1.08744 1.08739 1.08719
1.08734 1.08747 1.08754 1.08734
1.08756 1.08771 1.08773 1.08747
1.08786 1.08798 1.08796 1.08771
1.08784 1.08801 1.08796 1.08791
1.08767 1.08780 1.08792 1.08770
1.08779 1.08793 1.08816 1.08780
1.08760 1.08773 1.08788 1.08770
1.08762 1.08775 1.08786 1.08766
1.08818 1.08833 1.08820 1.08775
1.08798 1.08811 1.08818 1.08800
1.08786 1.08801 1.08799 1.08791
1.08784 1.08798 1.08788 1.08780
1.08787 1.08802 1.08797 1.08791
1.08813 1.08827 1.08813 1.08784
1.08802 1.08816 1.08819 1.08812
1.08822 1.08835 1.08831 1.08809
1.08834 1.08847 1.08851 1.08835
1.08819 1.08832 1.08836 1.08814
1.08843 1.08857 1.08846 1.08825
1.08823 1.08837 1.08844 1.08834
1.08841 1.08854 1.08841 1.08828
1.08849 1.08863 1.08853 1.08849
1.08818 1.08832 1.08849 1.08828
1.08839 1.08853 1.08840 1.08829
1.08850 1.08865 1.08868 1.08852
1.08862 1.08877 1.08871 1.08864
1.08878 1.08892 1.08878 1.08867
1.08861 1.08876 1.08882 1.08872
1.08852 1.08867 1.08864 1.08860
1.08860 1.08874 1.08861 1.08862
1.08874 1.08887 1.08878 1.08873
1.08880 1.08894 1.08880 1.08881
1.08874 1.08889 1.08883 1.08886
1.08895 1.08908 1.08895 1.08889
1.08911 1.08928 1.08914 1.08902
1.08912 1.08931 1.08917 1.08921
1.08870 1.08885 1.08915 1.08885
1.08863 1.08898 1.08871 1.08885
1.08873 1.08907 1.08875 1.08893
1.08875 1.08902 1.08881 1.08897
1.08874 1.08905 1.08882 1.08897
1.08881 1.08906 1.08881 1.08903
1.08877 1.08904 1.08882 1.08903
1.08884 1.08903 1.08884 1.08902
1.08890 1.08906 1.08902 1.08902
1.08888 1.08905 1.08894 1.08902
1.08891 1.08908 1.08897 1.08905
1.08890 1.08905 1.08893 1.08905
1.08891 1.08907 1.08897 1.08905
1.08891 1.08909 1.08902 1.08906
1.08901 1.08917 1.08902 1.08909
1.08904 1.08918 1.08905 1.08917
1.08901 1.08918 1.08904 1.08916
1.08912 1.08928 1.08913 1.08916
1.08931 1.08946 1.08932 1.08927
1.08935 1.08951 1.08939 1.08946
1.08833 1.08849 1.08940 1.08849
1.08844 1.08859 1.08848 1.08843
 08:54:05 1.08773 1.08788 1.08845 1.08788
 09:00:30 1.08783 1.08798 1.08795 1.08780
 09:06:55 1.08787 1.08802 1.08800 1.08794
 09:13:20 1.08822 1.08837 1.08844 1.08800
 09:19:46 1.08806 1.08821 1.08828 1.08804
 09:26:11 1.08770 1.08784 1.08807 1.08769
 09:32:36 1.08725 1.08741 1.08780 1.08707
 09:39:02 1.08848 1.08863 1.08861 1.08731
 09:45:27 1.08832 1.08848 1.08879 1.08837
 09:51:52 1.08843 1.08860 1.08870 1.08840
 09:58:17 1.08827 1.08842 1.08844 1.08805
 10:04:50 1.08803 1.08819 1.08827 1.08804
 10:11:15 1.08791 1.08805 1.08816 1.08796
 10:17:44 1.08806 1.08821 1.08819 1.08805
 10:24:10 1.08802 1.08819 1.08816 1.08787
 10:30:35 1.08842 1.08857 1.08843 1.08787
 10:37:00 1.08890 1.08907 1.08891 1.08856
 10:43:32 1.08925 1.08941 1.08956 1.08906
 10:49:57 1.08913 1.08927 1.08949 1.08927
 10:56:23 1.08917 1.08932 1.08933 1.08919
 11:02:47 1.08908 1.08923 1.08928 1.08919
 11:09:13 1.08897 1.08911 1.08928 1.08906
 11:15:39 1.08894 1.08910 1.08925 1.08897
 11:22:04 1.08907 1.08922 1.08923 1.08904
 11:28:30 1.08891 1.08906 1.08924 1.08895
 11:34:55 1.08951 1.08965 1.08951 1.08903
 11:41:19 1.08935 1.08951 1.08962 1.08950
 11:47:44 1.08933 1.08949 1.08942 1.08918
 11:54:09 1.08924 1.08938 1.08961 1.08936
 12:00:34 1.08894 1.08910 1.08929 1.08884
 12:06:58 1.08863 1.08880 1.08921 1.08871
 12:13:27 1.08864 1.08879 1.08887 1.08868
 12:19:51 1.08765 1.08780 1.08867 1.08779
 12:26:15 1.08836 1.08851 1.08841 1.08755
 12:32:39 1.09090 1.09106 1.09175 1.08826
 12:39:03 1.09144 1.09159 1.09308 1.09097
 12:45:27 1.09058 1.09074 1.09184 1.09033
 12:51:50 1.09208 1.09225 1.09209 1.09046
 12:58:14 1.09142 1.09156 1.09243 1.09122
 13:04:37 1.09041 1.09057 1.09155 1.09028
 13:11:01 1.09037 1.09051 1.09070 1.08962
 13:17:25 1.09075 1.09089 1.09122 1.09049
 13:23:48 1.09092 1.09107 1.09129 1.09051
 13:30:12 1.09088 1.09102 1.09102 1.09060
 13:36:36 1.09057 1.09071 1.09161 1.09061
 13:42:60 1.09123 1.09137 1.09143 1.09071
 13:49:23 1.09159 1.09173 1.09216 1.09123
 13:55:47 1.09187 1.09204 1.09242 1.09167
 14:02:11 1.09119 1.09134 1.09187 1.09130
 14:08:38 1.09169 1.09186 1.09210 1.09105
 14:15:01 1.09188 1.09203 1.09226 1.09176
 14:21:24 1.09233 1.09248 1.09237 1.09175
 17:27:43 1.09693 1.09709 1.09693 1.09216
 17:34:07 1.09715 1.09729 1.09726 1.09709
 17:40:34 1.09674 1.09688 1.09724 1.09688
 17:47:02 1.09678 1.09693 1.09693 1.09682
 17:53:29 1.09715 1.09729 1.09717 1.09692
 17:59:54 1.09669 1.09684 1.09721 1.09675
 18:06:17 1.09687 1.09702 1.09689 1.09665
 18:12:57 1.09668 1.09684 1.09690 1.09682
 18:19:20 1.09667 1.09682 1.09675 1.09669
 18:25:43 1.09670 1.09685 1.09673 1.09672
 18:32:06 1.09694 1.09708 1.09695 1.09682
 18:38:41 1.09693 1.09708 1.09694 1.09684
 18:45:04 1.09663 1.09678 1.09694 1.09671
 18:51:27 1.09683 1.09699 1.09683 1.09671
 18:57:50 1.09666 1.09681 1.09693 1.09674
 19:04:14 1.09658 1.09674 1.09674 1.09665
 19:10:41 1.09668 1.09685 1.09670 1.09666
 19:17:06 1.09670 1.09685 1.09682 1.09678
 19:23:34 1.09670 1.09685 1.09675 1.09664
 19:29:56 1.09672 1.09688 1.09685 1.09679
 19:36:22 1.09677 1.09692 1.09680 1.09685
 19:42:49 1.09651 1.09665 1.09690 1.09659
 19:49:12 1.09634 1.09648 1.09655 1.09648
 19:55:34 1.09639 1.09654 1.09646 1.09641
 20:01:57 1.09685 1.09701 1.09685 1.09652
 20:08:26 1.09668 1.09685 1.09685 1.09673
 20:14:52 1.09668 1.09682 1.09670 1.09669
 20:21:16 1.09668 1.09682 1.09674 1.09679
 20:27:55 1.09653 1.09669 1.09668 1.09667
 20:34:18 1.09653 1.09670 1.09661 1.09665
 20:41:01 1.09649 1.09666 1.09653 1.09661
 20:47:23 1.09650 1.09669 1.09654 1.09659
 20:54:01 1.09647 1.09671 1.09654 1.09667
 21:03:01 1.09583 1.09638 1.09676 1.09638
 21:11:09 1.09619 1.09680 1.09619 1.09634
 21:17:36 1.09627 1.09682 1.09630 1.09678
 21:24:54 1.09656 1.09707 1.09658 1.09682
 21:31:17 1.09649 1.09705 1.09656 1.09705
 21:37:44 1.09642 1.09688 1.09649 1.09687
 21:44:31 1.09641 1.09702 1.09642 1.09679
 21:51:10 1.09630 1.09694 1.09641 1.09691
 21:58:17 1.09633 1.09682 1.09639 1.09682
 22:04:39 1.09653 1.09669 1.09661 1.09663
 22:11:04 1.09649 1.09667 1.09662 1.09659
 22:17:30 1.09657 1.09675 1.09681 1.09666
 22:23:52 1.09674 1.09691 1.09677 1.09671
 22:30:14 1.09677 1.09697 1.09689 1.09687
 22:36:39 1.09665 1.09679 1.09678 1.09673
 22:43:09 1.09658 1.09677 1.09680 1.09676
 22:49:35 1.09666 1.09683 1.09669 1.09673
 22:56:39 1.09659 1.09675 1.09670 1.09672
 23:03:00 1.09656 1.09673 1.09664 1.09658
 23:09:26 1.09641 1.09655 1.09658 1.09654
 23:15:54 1.09632 1.09648 1.09641 1.09643
 23:22:17 1.09625 1.09641 1.09634 1.09641
 23:28:38 1.09626 1.09642 1.09632 1.09639
 23:35:01 1.09617 1.09633 1.09631 1.09632
 23:41:23 1.09627 1.09644 1.09632 1.09632
 23:47:47 1.09653 1.09668 1.09653 1.09642
 23:54:11 1.09652 1.09668 1.09660 1.09666
 00:00:32 1.09671 1.09687 1.09677 1.09668
 00:06:53 1.09618 1.09634 1.09681 1.09627
 00:13:14 1.09604 1.09618 1.09628 1.09607
 00:19:52 1.09585 1.09599 1.09607 1.09589
 00:26:22 1.09577 1.09591 1.09589 1.09578
 00:32:45 1.09600 1.09614 1.09604 1.09590
 00:39:07 1.09576 1.09592 1.09604 1.09591
 00:45:28 1.09588 1.09604 1.09597 1.09588
 00:51:49 1.09603 1.09618 1.09603 1.09593
 00:58:13 1.09633 1.09647 1.09653 1.09616
 01:04:35 1.09661 1.09676 1.09663 1.09644
 01:10:56 1.09675 1.09690 1.09677 1.09651
 01:17:17 1.09653 1.09667 1.09684 1.09666
 01:23:37 1.09672 1.09688 1.09678 1.09661
 01:30:01 1.09674 1.09688 1.09688 1.09685
 01:36:22 1.09596 1.09611 1.09675 1.09610
 01:42:42 1.09579 1.09597 1.09600 1.09577
 01:49:03 1.09597 1.09613 1.09603 1.09590
 01:55:23 1.09596 1.09613 1.09618 1.09603
 02:01:45 1.09614 1.09631 1.09625 1.09602
 02:08:09 1.09614 1.09628 1.09618 1.09610
 02:14:32 1.09601 1.09618 1.09617 1.09607
 02:20:54 1.09602 1.09616 1.09614 1.09614
 02:27:14 1.09575 1.09591 1.09614 1.09590
 02:33:34 1.09589 1.09606 1.09600 1.09588
 02:39:54 1.09589 1.09606 1.09598 1.09598
 02:46:16 1.09563 1.09579 1.09589 1.09573
 02:52:38 1.09595 1.09612 1.09595 1.09578
 02:59:00 1.09600 1.09615 1.09605 1.09604
 03:05:22 1.09585 1.09601 1.09614 1.09601
 03:11:42 1.09592 1.09608 1.09596 1.09594
 03:18:04 1.09582 1.09597 1.09593 1.09583
 03:24:24 1.09551 1.09566 1.09582 1.09554
 03:30:43 1.09543 1.09560 1.09560 1.09555
 03:37:04 1.09531 1.09547 1.09551 1.09536
 03:43:25 1.09552 1.09567 1.09553 1.09541
 03:49:53 1.09539 1.09556 1.09555 1.09552
 03:56:13 1.09545 1.09562 1.09556 1.09550
 04:02:32 1.09548 1.09565 1.09562 1.09551
 04:08:53 1.09553 1.09569 1.09555 1.09550
 04:15:13 1.09565 1.09581 1.09569 1.09567
 04:21:34 1.09567 1.09584 1.09570 1.09573
 04:27:54 1.09562 1.09579 1.09571 1.09579
 04:34:14 1.09563 1.09579 1.09572 1.09575
 04:40:33 1.09560 1.09575 1.09565 1.09568
 04:47:18 1.09553 1.09570 1.09565 1.09568
 04:53:42 1.09539 1.09554 1.09555 1.09550
 05:00:01 1.09525 1.09540 1.09541 1.09536
 05:06:21 1.09528 1.09543 1.09548 1.09535
 05:12:40 1.09532 1.09549 1.09556 1.09543
 05:19:01 1.09534 1.09550 1.09539 1.09536
 05:25:22 1.09529 1.09546 1.09542 1.09544
 05:31:43 1.09515 1.09530 1.09531 1.09526
 05:38:02 1.09502 1.09519 1.09534 1.09514
 05:44:21 1.09517 1.09533 1.09523 1.09506
 05:50:56 1.09533 1.09551 1.09544 1.09531
 05:57:15 1.09475 1.09492 1.09544 1.09489
 06:03:36 1.09494 1.09509 1.09534 1.09467
 06:09:55 1.09460 1.09476 1.09509 1.09473
 06:16:15 1.09494 1.09510 1.09495 1.09460
 06:22:33 1.09505 1.09520 1.09515 1.09480
 06:28:53 1.09507 1.09521 1.09510 1.09498
 06:35:11 1.09514 1.09530 1.09527 1.09502
 06:41:33 1.09490 1.09504 1.09521 1.09504
 06:47:53 1.09517 1.09534 1.09529 1.09499
 06:54:13 1.09495 1.09510 1.09541 1.09509
 07:00:32 1.09527 1.09541 1.09527 1.09499
 07:06:50 1.09597 1.09613 1.09603 1.09541
 07:13:09 1.09624 1.09640 1.09648 1.09602
 07:19:31 1.09535 1.09552 1.09624 1.09550
 07:25:49 1.09503 1.09519 1.09549 1.09502
 07:32:08 1.09502 1.09519 1.09522 1.09509
 07:38:26 1.09523 1.09537 1.09545 1.09516
 07:44:46 1.09499 1.09514 1.09532 1.09509
 07:51:05 1.09500 1.09515 1.09529 1.09510
 07:57:25 1.09527 1.09542 1.09528 1.09493
 08:03:48 1.09541 1.09556 1.09553 1.09536
 08:10:07 1.09580 1.09595 1.09597 1.09539
 08:16:25 1.09575 1.09591 1.09592 1.09584
 08:22:47 1.09545 1.09561 1.09588 1.09548
 08:29:06 1.09575 1.09590 1.09590 1.09556
 08:35:29 1.09555 1.09572 1.09585 1.09545
 08:41:48 1.09575 1.09590 1.09586 1.09561
 08:48:06 1.09617 1.09632 1.09620 1.09587
 08:54:24 1.09596 1.09611 1.09628 1.09602
 09:00:42 1.09619 1.09634 1.09650 1.09611
 09:07:01 1.09658 1.09673 1.09677 1.09632
 09:13:20 1.09663 1.09678 1.09678 1.09668
 09:19:39 1.09670 1.09685 1.09673 1.09668
 09:26:04 1.09711 1.09727 1.09711 1.09652
 09:32:26 1.09689 1.09704 1.09725 1.09695
 09:38:45 1.09698 1.09713 1.09711 1.09687
 09:45:03 1.09695 1.09710 1.09704 1.09698
 09:51:22 1.09657 1.09672 1.09701 1.09663
 09:57:43 1.09610 1.09624 1.09658 1.09617
 10:04:01 1.09614 1.09629 1.09616 1.09611
 10:10:21 1.09641 1.09657 1.09643 1.09619
 10:16:38 1.09605 1.09619 1.09645 1.09602
 10:22:55 1.09624 1.09639 1.09624 1.09611
 10:29:12 1.09582 1.09597 1.09624 1.09597
 10:35:31 1.09561 1.09576 1.09597 1.09575
 10:41:47 1.09573 1.09587 1.09573 1.09555
 10:48:06 1.09560 1.09575 1.09585 1.09566
 10:54:31 1.09579 1.09595 1.09582 1.09566
 11:00:50 1.09597 1.09613 1.09599 1.09587
 11:07:07 1.09600 1.09615 1.09614 1.09597
 11:13:29 1.09585 1.09599 1.09601 1.09594
 11:19:46 1.09567 1.09582 1.09590 1.09579
 11:26:07 1.09529 1.09545 1.09567 1.09544
 11:32:34 1.09578 1.09592 1.09579 1.09541
 11:38:51 1.09580 1.09595 1.09582 1.09575
 11:45:12 1.09586 1.09601 1.09597 1.09576
 11:51:29 1.09563 1.09577 1.09602 1.09575
 11:57:46 1.09555 1.09570 1.09566 1.09548
 12:04:03 1.09536 1.09552 1.09558 1.09546
 12:10:24 1.09553 1.09569 1.09575 1.09550
 12:16:46 1.09528 1.09542 1.09562 1.09539
 12:23:03 1.09483 1.09497 1.09559 1.09492
 12:29:20 1.09510 1.09527 1.09552 1.09489
 12:35:36 1.09480 1.09494 1.09516 1.09471
 12:41:53 1.09458 1.09474 1.09485 1.09458
 12:48:09 1.09433 1.09448 1.09491 1.09444
 12:54:26 1.09466 1.09480 1.09473 1.09445
 13:00:43 1.09507 1.09521 1.09508 1.09446
 13:06:59 1.09521 1.09537 1.09524 1.09493
 13:13:17 1.09536 1.09552 1.09543 1.09528
 13:19:34 1.09544 1.09559 1.09553 1.09529
 13:25:50 1.09552 1.09566 1.09574 1.09554
 13:32:07 1.09588 1.09602 1.09605 1.09566
 13:38:23 1.09563 1.09577 1.09637 1.09560
 13:44:41 1.09561 1.09576 1.09578 1.09542
 13:50:57 1.09665 1.09681 1.09674 1.09571
 13:57:13 1.09681 1.09695 1.09695 1.09647
 14:03:29 1.09696 1.09713 1.09712 1.09671
 14:09:49 1.09782 1.09797 1.09782 1.09712
 14:16:06 1.09788 1.09804 1.09796 1.09781
 14:22:22 1.09758 1.09775 1.09790 1.09750
 14:28:38 1.09733 1.09749 1.09765 1.09735
 14:34:55 1.09738 1.09756 1.09747 1.09738
 14:41:11 1.09685 1.09702 1.09746 1.09672
 14:47:27 1.09727 1.09741 1.09729 1.09685
 14:53:43 1.09744 1.09759 1.09753 1.09725
 14:59:59 1.09741 1.09756 1.09790 1.09729
 15:06:23 1.09804 1.09819 1.09819 1.09756
 15:12:40 1.09778 1.09793 1.09813 1.09784
 15:19:00 1.09799 1.09815 1.09819 1.09790
 15:25:18 1.09827 1.09841 1.09833 1.09808
 15:31:34 1.09822 1.09836 1.09831 1.09825
 15:37:50 1.09847 1.09863 1.09847 1.09834
 15:44:06 1.09860 1.09875 1.09863 1.09853
 15:50:23 1.09878 1.09893 1.09889 1.09867
 15:56:42 1.09905 1.09922 1.09921 1.09888
 16:02:58 1.09855 1.09871 1.09915 1.09869
 16:09:15 1.09840 1.09855 1.09861 1.09840
 16:15:32 1.09836 1.09852 1.09850 1.09834
 16:21:51 1.09853 1.09868 1.09864 1.09850
 16:28:11 1.09880 1.09896 1.09880 1.09855
 16:34:26 1.09900 1.09917 1.09905 1.09889
 16:40:40 1.09873 1.09889 1.09900 1.09887
 16:46:55 1.09874 1.09888 1.09880 1.09878
 16:53:11 1.09890 1.09906 1.09906 1.09888
 16:59:28 1.09881 1.09897 1.09900 1.09896
 17:05:43 1.09877 1.09893 1.09893 1.09890
 17:11:57 1.09875 1.09890 1.09890 1.09882
 17:18:13 1.09887 1.09902 1.09893 1.09889
 17:24:30 1.09913 1.09928 1.09916 1.09896
 17:30:45 1.09927 1.09941 1.09928 1.09920
 17:37:00 1.09918 1.09933 1.09941 1.09933
 17:43:16 1.09956 1.09970 1.09959 1.09932
 17:49:37 1.09946 1.09961 1.09960 1.09957
 17:55:59 1.09946 1.09963 1.09955 1.09959
 18:02:18 1.09927 1.09942 1.09952 1.09938
 18:08:34 1.09929 1.09944 1.09931 1.09921
 18:14:48 1.09941 1.09956 1.09942 1.09929
 18:21:20 1.09942 1.09958 1.09944 1.09946
 18:27:36 1.09958 1.09973 1.09961 1.09956
 18:33:57 1.09948 1.09962 1.09959 1.09960
 18:40:14 1.09954 1.09970 1.09956 1.09958
 18:46:30 1.09946 1.09960 1.09966 1.09949
 18:52:55 1.09961 1.09977 1.09962 1.09959
 18:59:10 1.09976 1.09991 1.09978 1.09969
 19:05:44 1.09961 1.09976 1.09987 1.09973
 19:12:00 1.09985 1.10002 1.09986 1.09972
 19:18:14 1.09975 1.09989 1.09997 1.09987
 19:24:29 1.09988 1.10003 1.09988 1.09987
 19:30:43 1.09970 1.09986 1.09989 1.09980
 19:41:10 1.09988 1.10003 1.09988 1.09986
 19:47:25 1.09972 1.09987 1.09989 1.09982
 19:53:39 1.09976 1.09992 1.09976 1.09973
 19:59:53 1.09973 1.09990 1.09990 1.09984
 20:06:07 1.09985 1.10000 1.09986 1.09977
 20:12:23 1.09985 1.10001 1.09993 1.09998
 20:18:49 1.09988 1.10003 1.09996 1.09998
 20:25:22 1.09995 1.10010 1.09996 1.10003
 20:31:39 1.09988 1.10003 1.09996 1.10001
 20:37:57 1.09997 1.10015 1.10007 1.10003
 20:45:01 1.09997 1.10011 1.10002 1.10011
 20:51:18 1.09998 1.10014 1.10003 1.10010
 20:57:34 1.10002 1.10022 1.10004 1.10011
 21:05:00 1.10004 1.10022 1.10005 1.10022
 21:12:00 1.10007 1.10026 1.10007 1.10022
 21:18:37 1.10007 1.10021 1.10009 1.10021
 21:26:42 1.10003 1.10025 1.10007 1.10021
 21:33:08 1.10000 1.10021 1.10007 1.10021
 21:40:23 1.09963 1.10005 1.10000 1.10000
 21:47:04 1.09967 1.10001 1.09969 1.10000
 21:54:60 1.09985 1.10007 1.09986 1.10001
 22:01:20 1.10002 1.10021 1.10005 1.10007
 22:07:37 1.09999 1.10017 1.10004 1.10008
 22:14:03 1.09994 1.10011 1.10004 1.10011
 22:20:18 1.09994 1.10012 1.10003 1.10005
 22:27:52 1.09998 1.10017 1.10001 1.10006
 22:35:03 1.10001 1.10019 1.10005 1.10013
 22:41:18 1.10005 1.10021 1.10005 1.10013
 22:47:36 1.10009 1.10027 1.10009 1.10015
 22:54:08 1.10012 1.10029 1.10014 1.10026
 23:00:28 1.10007 1.10023 1.10019 1.10021
 23:06:43 1.10015 1.10033 1.10020 1.10022
 23:12:57 1.10020 1.10037 1.10020 1.10032
 23:20:10 1.10030 1.10046 1.10031 1.10035
 23:26:36 1.10031 1.10048 1.10032 1.10045
 23:33:02 1.10031 1.10047 1.10035 1.10046
 23:39:15 1.10022 1.10040 1.10031 1.10033 1.09950 0
23:45:32 1.10022 1.10039 1.10028 1.10037 1.09974 0
