23:52:01 1.10033 1.10047 1.10034 1.10039 1.09977 0
23:58:14 1.10047 1.10064 1.10053 1.10047 1.10027 0
00:04:32 1.10019 1.10036 1.10051 1.10030 1.09931 0
00:10:50 1.10024 1.10039 1.10033 1.10023 1.09924 0
00:17:07 1.10053 1.10068 1.10054 1.10038 1.10030 0
00:23:35 1.10066 1.10084 1.10077 1.10065 1.10048 0
00:29:49 1.10066 1.10080 1.10081 1.10074 1.10005 0
00:36:05 1.10037 1.10053 1.10069 1.10049 1.09933 0
00:42:23 1.10041 1.10057 1.10048 1.10050 1.09961 0
00:48:37 1.10047 1.10064 1.10061 1.10055 1.10016 0
00:54:49 1.10062 1.10081 1.10066 1.10054 1.09987 0
01:01:02 1.10066 1.10082 1.10066 1.10064 1.10004 0
