16:28:25 1.10478 1.10493 1.10539 1.10493
16:48:01 1.10441 1.10457 1.10508 1.10457
17:00:59 1.10392 1.10406 1.10445 1.10401
17:20:56 1.10350 1.10364 1.10409 1.10364
17:45:38 1.10411 1.10425 1.10411 1.10363
18:22:58 1.10351 1.10366 1.10412 1.10366
18:45:24 1.10409 1.10423 1.10409 1.10366
19:03:45 1.10458 1.10472 1.10465 1.10423
19:15:41 1.10483 1.10497 1.10483 1.10441
19:55:10 1.10519 1.10533 1.10519 1.10477
22:00:18 1.10557 1.10572 1.10567 1.10522
22:17:02 1.10493 1.10509 1.10559 1.10509
00:13:21 1.10468 1.10483 1.10529 1.10483
01:11:44 1.10424 1.10438 1.10476 1.10431
01:30:13 1.10395 1.10410 1.10459 1.10410
01:31:26 1.10456 1.10471 1.10456 1.10410
01:43:28 1.10393 1.10408 1.10456 1.10408
02:31:58 1.10431 1.10447 1.10434 1.10386
03:34:24 1.10476 1.10490 1.10476 1.10432
04:53:14 1.10464 1.10479 1.10525 1.10479
05:33:10 1.10515 1.10529 1.10515 1.10473
05:40:16 1.10572 1.10586 1.10572 1.10529
05:57:09 1.10612 1.10626 1.10615 1.10573
06:02:05 1.10567 1.10581 1.10623 1.10579
06:11:28 1.10620 1.10634 1.10620 1.10576
06:23:17 1.10675 1.10692 1.10675 1.10622
06:36:13 1.10663 1.10677 1.10704 1.10660
06:56:57 1.10614 1.10628 1.10667 1.10624
07:05:03 1.10659 1.10674 1.10659 1.10613
07:11:22 1.10630 1.10644 1.10689 1.10644
07:17:22 1.10577 1.10592 1.10641 1.10592
07:30:17 1.10620 1.10636 1.10626 1.10578
07:37:17 1.10639 1.10653 1.10665 1.10623
07:46:32 1.10685 1.10701 1.10687 1.10638
07:55:55 1.10680 1.10695 1.10742 1.10695
08:39:25 1.10712 1.10726 1.10715 1.10673
08:41:51 1.10763 1.10778 1.10766 1.10721
08:48:46 1.10739 1.10753 1.10768 1.10725
08:55:18 1.10765 1.10779 1.10765 1.10721
09:20:41 1.10710 1.10724 1.10768 1.10723
09:28:43 1.10769 1.10784 1.10769 1.10723
09:38:32 1.10708 1.10723 1.10769 1.10723
09:55:16 1.10737 1.10751 1.10738 1.10696
10:28:52 1.10783 1.10797 1.10783 1.10741
10:33:20 1.10827 1.10841 1.10835 1.10793
10:40:47 1.10788 1.10802 1.10840 1.10796
10:50:05 1.10836 1.10851 1.10836 1.10791
11:00:28 1.10798 1.10812 1.10856 1.10812
11:15:22 1.10832 1.10846 1.10832 1.10788
11:18:42 1.10775 1.10789 1.10832 1.10789
11:24:12 1.10720 1.10734 1.10778 1.10734
11:43:07 1.10693 1.10707 1.10748 1.10705
11:48:06 1.10636 1.10650 1.10694 1.10650
12:06:15 1.10583 1.10597 1.10641 1.10597
12:29:19 1.10623 1.10637 1.10623 1.10581
12:47:04 1.10670 1.10684 1.10670 1.10627
12:56:17 1.10641 1.10655 1.10700 1.10655
13:04:55 1.10629 1.10643 1.10685 1.10642
13:22:18 1.10683 1.10697 1.10683 1.10640
13:32:42 1.10710 1.10725 1.10710 1.10664
13:34:13 1.10668 1.10682 1.10725 1.10682
13:39:17 1.10654 1.10668 1.10704 1.10661
13:45:30 1.10624 1.10639 1.10687 1.10639
13:47:55 1.10589 1.10603 1.10647 1.10603
13:53:34 1.10627 1.10641 1.10627 1.10583
14:01:05 1.10656 1.10670 1.10656 1.10613
14:05:12 1.10670 1.10684 1.10670 1.10628
14:07:05 1.10630 1.10644 1.10689 1.10644
14:12:32 1.10667 1.10682 1.10667 1.10619
14:16:57 1.10612 1.10627 1.10675 1.10627
14:22:35 1.10576 1.10590 1.10633 1.10590
14:27:21 1.10627 1.10641 1.10627 1.10585
14:31:18 1.10668 1.10682 1.10668 1.10623
14:33:16 1.10610 1.10624 1.10668 1.10624
14:37:19 1.10666 1.10681 1.10670 1.10624
14:50:53 1.10674 1.10688 1.10707 1.10664
14:58:13 1.10630 1.10644 1.10687 1.10644
15:11:24 1.10667 1.10681 1.10667 1.10624
15:16:03 1.10718 1.10732 1.10718 1.10675
15:33:01 1.10702 1.10716 1.10760 1.10716
15:38:21 1.10756 1.10770 1.10756 1.10714
16:16:34 1.10798 1.10812 1.10798 1.10755
16:26:35 1.10755 1.10770 1.10816 1.10770
16:47:19 1.10689 1.10705 1.10756 1.10705
17:05:35 1.10653 1.10668 1.10715 1.10668
17:59:01 1.10598 1.10613 1.10659 1.10612
18:00:13 1.10689 1.10713 1.10689 1.10583
18:00:27 1.10759 1.10780 1.10762 1.10695
18:00:39 1.10656 1.10681 1.10762 1.10681
18:00:54 1.10714 1.10728 1.10718 1.10676
18:01:07 1.10731 1.10745 1.10772 1.10728
18:01:15 1.10663 1.10682 1.10744 1.10682
18:01:48 1.10680 1.10696 1.10683 1.10634
18:01:54 1.10739 1.10753 1.10739 1.10696
18:02:08 1.10779 1.10797 1.10779 1.10725
18:02:22 1.10701 1.10717 1.10779 1.10717
18:04:07 1.10659 1.10674 1.10731 1.10674
18:05:04 1.10720 1.10735 1.10720 1.10674
18:05:53 1.10707 1.10721 1.10764 1.10716
18:08:55 1.10732 1.10748 1.10738 1.10685
18:10:22 1.10735 1.10749 1.10735 1.10692
18:11:26 1.10690 1.10704 1.10748 1.10703
18:13:20 1.10741 1.10756 1.10748 1.10703
18:16:00 1.10700 1.10715 1.10745 1.10697
18:23:03 1.10639 1.10653 1.10701 1.10653
18:29:13 1.10600 1.10614 1.10651 1.10606
18:31:10 1.10560 1.10576 1.10628 1.10576
18:31:47 1.10628 1.10644 1.10628 1.10576
18:32:22 1.10668 1.10682 1.10670 1.10627
18:33:24 1.10597 1.10615 1.10671 1.10615
18:35:03 1.10650 1.10666 1.10650 1.10601
18:35:37 1.10708 1.10725 1.10708 1.10657
18:35:51 1.10767 1.10782 1.10767 1.10722
18:36:10 1.10809 1.10824 1.10809 1.10760
18:36:35 1.10745 1.10760 1.10809 1.10760
18:36:55 1.10691 1.10705 1.10751 1.10705
18:37:23 1.10759 1.10776 1.10759 1.10705
18:38:39 1.10707 1.10724 1.10777 1.10724
18:39:03 1.10764 1.10781 1.10764 1.10713
18:39:24 1.10782 1.10798 1.10782 1.10731
18:39:33 1.10842 1.10857 1.10842 1.10797
18:39:55 1.10907 1.10921 1.10907 1.10854
18:40:24 1.10920 1.10934 1.10921 1.10879
18:41:02 1.10888 1.10902 1.10938 1.10894
18:41:27 1.10942 1.10956 1.10942 1.10897
18:41:57 1.10977 1.10992 1.10977 1.10929
18:43:57 1.10939 1.10954 1.11000 1.10954
18:44:21 1.11000 1.11016 1.11000 1.10950
18:45:03 1.10966 1.10980 1.11023 1.10973
18:45:43 1.10915 1.10931 1.10988 1.10931
18:45:49 1.10851 1.10867 1.10917 1.10867
18:46:06 1.10918 1.10935 1.10918 1.10867
18:46:46 1.10885 1.10901 1.10956 1.10901
18:48:19 1.10853 1.10869 1.10918 1.10869
18:49:46 1.10877 1.10892 1.10892 1.10847
18:51:45 1.10891 1.10907 1.10891 1.10839
18:52:22 1.10948 1.10962 1.10948 1.10904
18:56:14 1.10959 1.10977 1.10959 1.10904
18:58:14 1.11017 1.11031 1.11017 1.10974
19:00:30 1.11058 1.11073 1.11058 1.11012
19:01:19 1.11000 1.11015 1.11061 1.11015
19:01:40 1.10934 1.10951 1.11003 1.10951
19:03:10 1.10927 1.10943 1.10995 1.10943
19:05:40 1.10920 1.10934 1.10978 1.10934
19:06:16 1.10855 1.10870 1.10920 1.10870
19:08:20 1.10828 1.10845 1.10897 1.10845
19:11:18 1.10880 1.10897 1.10880 1.10829
19:18:23 1.10833 1.10847 1.10892 1.10847
19:19:58 1.10837 1.10852 1.10838 1.10793
19:32:54 1.10887 1.10902 1.10887 1.10840
19:44:09 1.10945 1.10961 1.10945 1.10895
20:07:44 1.10912 1.10926 1.10969 1.10926
20:22:54 1.10854 1.10869 1.10915 1.10869
23:01:57 1.10836 1.10850 1.10885 1.10841
23:36:41 1.10782 1.10798 1.10842 1.10791
00:05:59 1.10833 1.10849 1.10833 1.10781
00:53:17 1.10850 1.10864 1.10859 1.10816
01:01:30 1.10881 1.10895 1.10884 1.10841
01:27:18 1.10931 1.10946 1.10931 1.10886
01:43:11 1.10976 1.10991 1.10988 1.10938
02:01:26 1.11011 1.11026 1.11011 1.10964
02:09:20 1.11073 1.11088 1.11073 1.11024
02:12:55 1.11121 1.11136 1.11121 1.11076
02:16:15 1.11111 1.11126 1.11173 1.11125
02:25:14 1.11063 1.11077 1.11122 1.11077
02:47:12 1.11075 1.11089 1.11080 1.11037
02:55:52 1.11017 1.11031 1.11075 1.11031
03:15:30 1.11039 1.11054 1.11040 1.10994
03:55:14 1.11027 1.11041 1.11055 1.11013
04:21:43 1.11039 1.11053 1.11040 1.10998
04:57:18 1.11006 1.11020 1.11072 1.11020
05:01:29 1.10948 1.10962 1.11006 1.10962
05:29:45 1.10913 1.10929 1.10978 1.10929
05:44:27 1.10956 1.10970 1.10957 1.10915
05:55:33 1.10922 1.10938 1.10989 1.10938
06:06:28 1.10927 1.10941 1.10931 1.10889
06:19:20 1.10971 1.10986 1.10971 1.10922
06:26:46 1.10919 1.10933 1.10977 1.10933
06:33:16 1.10897 1.10912 1.10959 1.10912
06:43:39 1.10948 1.10962 1.10948 1.10905
06:57:56 1.10975 1.10989 1.10975 1.10933
07:01:50 1.11033 1.11048 1.11033 1.10985
07:14:17 1.11064 1.11078 1.11064 1.11021
07:21:15 1.11108 1.11122 1.11108 1.11066
07:24:02 1.11158 1.11172 1.11158 1.11116
07:30:31 1.11179 1.11193 1.11179 1.11137
07:40:14 1.11222 1.11236 1.11222 1.11180
07:42:29 1.11278 1.11292 1.11278 1.11234
07:50:28 1.11319 1.11333 1.11319 1.11277
07:59:19 1.11278 1.11292 1.11335 1.11291
08:14:04 1.11301 1.11317 1.11301 1.11252
08:28:24 1.11320 1.11335 1.11320 1.11275
08:34:32 1.11337 1.11352 1.11337 1.11292
08:44:38 1.11369 1.11384 1.11369 1.11322
09:01:27 1.11410 1.11425 1.11410 1.11354
09:09:21 1.11376 1.11390 1.11433 1.11390
09:24:12 1.11342 1.11356 1.11402 1.11356
09:34:29 1.11286 1.11300 1.11342 1.11299
09:54:46 1.11320 1.11334 1.11320 1.11276
09:58:35 1.11372 1.11387 1.11373 1.11326
10:00:17 1.11419 1.11433 1.11419 1.11377
10:06:01 1.11450 1.11464 1.11450 1.11408
10:40:47 1.11433 1.11447 1.11490 1.11447
10:51:15 1.11382 1.11396 1.11439 1.11396
11:00:09 1.11349 1.11363 1.11407 1.11363
11:14:21 1.11365 1.11379 1.11366 1.11321
11:39:20 1.11392 1.11408 1.11392 1.11342
11:49:43 1.11348 1.11362 1.11405 1.11362
12:00:54 1.11328 1.11342 1.11385 1.11342
12:06:44 1.11259 1.11275 1.11329 1.11275
12:14:14 1.11283 1.11297 1.11283 1.11241
12:15:10 1.11217 1.11233 1.11307 1.11233
12:15:30 1.11266 1.11280 1.11276 1.11233
12:15:55 1.11156 1.11181 1.11266 1.11181
12:16:14 1.11186 1.11201 1.11213 1.11168
12:16:59 1.11108 1.11123 1.11188 1.11123
12:17:36 1.11057 1.11071 1.11115 1.11071
12:18:33 1.11088 1.11102 1.11088 1.11045
12:19:04 1.11080 1.11094 1.11137 1.11094
12:20:40 1.11043 1.11057 1.11082 1.11039
12:21:13 1.10982 1.10997 1.11043 1.10997
12:21:44 1.11035 1.11051 1.11035 1.10987
12:22:46 1.11068 1.11084 1.11068 1.11018
12:25:06 1.11022 1.11037 1.11079 1.11033
12:27:02 1.10968 1.10982 1.11026 1.10981
12:30:07 1.10875 1.10894 1.10971 1.10894
12:30:10 1.10815 1.10829 1.10875 1.10829
12:30:23 1.10786 1.10802 1.10824 1.10774
12:30:47 1.10839 1.10854 1.10839 1.10794
12:31:04 1.10792 1.10810 1.10865 1.10810
12:31:47 1.10831 1.10845 1.10835 1.10792
12:32:10 1.10776 1.10790 1.10838 1.10790
12:32:24 1.10709 1.10725 1.10776 1.10725
12:33:32 1.10758 1.10772 1.10758 1.10711
12:33:57 1.10815 1.10831 1.10815 1.10766
12:35:04 1.10758 1.10774 1.10826 1.10774
12:36:26 1.10776 1.10790 1.10776 1.10732
12:37:32 1.10819 1.10833 1.10819 1.10777
12:38:36 1.10827 1.10841 1.10827 1.10782
12:41:39 1.10795 1.10811 1.10860 1.10811
12:43:56 1.10807 1.10822 1.10807 1.10759
12:45:24 1.10762 1.10778 1.10828 1.10778
12:46:24 1.10807 1.10823 1.10807 1.10757
12:46:58 1.10746 1.10763 1.10818 1.10763
12:48:38 1.10791 1.10807 1.10791 1.10739
12:49:16 1.10756 1.10772 1.10822 1.10772
12:49:29 1.10682 1.10700 1.10757 1.10700
12:50:39 1.10632 1.10646 1.10700 1.10646
12:51:25 1.10567 1.10583 1.10632 1.10583
12:51:41 1.10586 1.10600 1.10586 1.10542
12:51:46 1.10539 1.10553 1.10599 1.10553
12:53:00 1.10512 1.10526 1.10576 1.10526
12:53:48 1.10468 1.10484 1.10545 1.10484
12:54:35 1.10529 1.10544 1.10529 1.10484
12:55:08 1.10561 1.10575 1.10561 1.10519
12:57:06 1.10589 1.10604 1.10589 1.10544
12:58:12 1.10639 1.10653 1.10639 1.10596
12:59:23 1.10580 1.10594 1.10641 1.10594
13:00:55 1.10602 1.10617 1.10602 1.10556
13:01:51 1.10632 1.10646 1.10632 1.10588
13:02:14 1.10580 1.10596 1.10647 1.10596
13:03:13 1.10517 1.10531 1.10592 1.10531
13:03:34 1.10483 1.10498 1.10548 1.10498
13:03:39 1.10431 1.10445 1.10485 1.10440
13:03:47 1.10451 1.10465 1.10473 1.10428
13:03:55 1.10391 1.10407 1.10461 1.10407
13:04:36 1.10424 1.10441 1.10424 1.10370
13:05:05 1.10407 1.10421 1.10452 1.10409
13:05:25 1.10370 1.10384 1.10427 1.10384
13:06:35 1.10416 1.10431 1.10417 1.10370
13:07:35 1.10394 1.10409 1.10459 1.10409
13:08:30 1.10446 1.10463 1.10446 1.10394
13:10:06 1.10397 1.10411 1.10454 1.10411
13:11:18 1.10361 1.10376 1.10425 1.10376
13:13:23 1.10345 1.10359 1.10403 1.10359
13:15:44 1.10328 1.10342 1.10386 1.10342
13:16:19 1.10276 1.10290 1.10333 1.10289
13:17:01 1.10304 1.10318 1.10307 1.10265
13:17:52 1.10278 1.10294 1.10352 1.10294
13:18:42 1.10331 1.10345 1.10331 1.10282
13:19:26 1.10346 1.10361 1.10346 1.10298
13:20:15 1.10295 1.10309 1.10353 1.10308
13:25:60 1.10245 1.10262 1.10317 1.10262
13:27:14 1.10258 1.10272 1.10258 1.10212
13:29:46 1.10244 1.10258 1.10289 1.10246
13:30:20 1.10196 1.10210 1.10254 1.10210
13:31:33 1.10166 1.10180 1.10223 1.10180
13:33:36 1.10114 1.10128 1.10172 1.10128
13:33:45 1.10055 1.10070 1.10115 1.10067
13:34:00 1.10118 1.10134 1.10118 1.10062
13:34:26 1.10130 1.10145 1.10130 1.10083
13:34:57 1.10111 1.10125 1.10169 1.10125
13:35:16 1.10076 1.10090 1.10135 1.10090
13:35:37 1.10131 1.10145 1.10133 1.10090
13:36:46 1.10085 1.10100 1.10150 1.10100
13:39:28 1.10093 1.10108 1.10093 1.10048
13:40:06 1.10043 1.10057 1.10101 1.10057
13:40:34 1.09982 1.09997 1.10043 1.09997
13:41:39 1.10028 1.10043 1.10028 1.09981
13:43:54 1.09978 1.09992 1.10040 1.09992
13:44:27 1.09956 1.09970 1.09982 1.09940
13:45:41 1.09943 1.09957 1.09966 1.09924
13:46:59 1.10005 1.10021 1.10005 1.09957
13:47:37 1.10067 1.10081 1.10067 1.10021
13:48:10 1.10008 1.10023 1.10072 1.10023
13:50:02 1.10051 1.10065 1.10051 1.10003
13:50:35 1.10112 1.10126 1.10112 1.10065
13:55:57 1.10091 1.10106 1.10152 1.10106
13:56:34 1.10039 1.10053 1.10097 1.10053
13:58:06 1.10102 1.10119 1.10102 1.10050
14:00:02 1.10051 1.10066 1.10116 1.10066
14:01:60 1.10025 1.10041 1.10092 1.10041
14:02:53 1.10084 1.10098 1.10084 1.10041
14:04:01 1.10039 1.10053 1.10101 1.10053
14:04:24 1.09978 1.09993 1.10039 1.09993
14:05:47 1.09918 1.09932 1.09982 1.09932
14:06:35 1.09971 1.09985 1.09971 1.09928
14:08:49 1.10017 1.10032 1.10024 1.09977
14:12:36 1.10070 1.10086 1.10070 1.10021
14:13:26 1.10014 1.10029 1.10071 1.10025
14:14:56 1.10060 1.10074 1.10064 1.10020
14:16:25 1.10013 1.10029 1.10078 1.10029
14:19:23 1.10028 1.10043 1.10028 1.09982
14:26:57 1.09968 1.09983 1.10030 1.09983
14:31:04 1.09903 1.09919 1.09968 1.09919
14:35:60 1.09870 1.09884 1.09927 1.09883
14:47:34 1.09858 1.09872 1.09915 1.09872
14:50:45 1.09893 1.09908 1.09893 1.09847
14:54:47 1.09917 1.09931 1.09917 1.09875
15:01:33 1.09929 1.09943 1.09929 1.09886
15:03:17 1.09973 1.09987 1.09973 1.09929
15:05:02 1.10026 1.10040 1.10026 1.09984
15:08:41 1.09963 1.09978 1.10026 1.09978
15:11:03 1.09905 1.09919 1.09963 1.09918
15:14:37 1.09928 1.09942 1.09928 1.09885
15:15:56 1.09867 1.09882 1.09929 1.09882
15:20:07 1.09919 1.09933 1.09924 1.09882
15:32:03 1.09946 1.09960 1.09946 1.09903
15:39:19 1.09995 1.10009 1.09995 1.09953
15:57:10 1.10016 1.10030 1.10016 1.09974
16:06:37 1.09958 1.09972 1.10016 1.09972
16:17:25 1.09906 1.09921 1.09968 1.09921
16:22:17 1.09955 1.09969 1.09955 1.09907
16:27:52 1.09985 1.09999 1.09985 1.09943
16:35:20 1.09936 1.09951 1.09997 1.09951
16:51:21 1.09894 1.09909 1.09955 1.09909
17:03:56 1.09914 1.09929 1.09914 1.09869
17:04:05 1.09975 1.09989 1.09975 1.09929
17:05:01 1.09936 1.09950 1.09995 1.09950
17:05:37 1.09893 1.09908 1.09955 1.09908
17:06:11 1.09954 1.09969 1.09954 1.09908
17:06:59 1.09959 1.09973 1.10006 1.09961
17:11:19 1.10000 1.10014 1.10000 1.09949
17:12:22 1.10034 1.10048 1.10035 1.09993
17:13:09 1.10090 1.10105 1.10090 1.10041
17:14:11 1.10036 1.10050 1.10093 1.10048
17:15:45 1.09993 1.10008 1.10054 1.10008
17:19:36 1.09948 1.09963 1.10008 1.09962
17:22:26 1.09990 1.10004 1.09995 1.09953
17:25:37 1.09956 1.09971 1.10007 1.09961
17:30:22 1.09922 1.09938 1.09989 1.09938
17:47:03 1.09905 1.09919 1.09963 1.09919
17:52:51 1.09955 1.09970 1.09956 1.09911
17:58:49 1.09990 1.10006 1.09991 1.09943
18:10:04 1.09924 1.09940 1.09990 1.09940
18:16:00 1.09875 1.09889 1.09930 1.09887
18:25:41 1.09817 1.09831 1.09888 1.09831
18:42:13 1.09769 1.09783 1.09829 1.09783
18:45:21 1.09797 1.09811 1.09797 1.09754
18:49:05 1.09768 1.09782 1.09824 1.09781
19:02:09 1.09708 1.09723 1.09768 1.09722
19:23:36 1.09695 1.09709 1.09734 1.09691
20:23:28 1.09711 1.09725 1.09711 1.09667
21:35:23 1.09766 1.09780 1.09772 1.09725
22:16:04 1.09821 1.09835 1.09821 1.09779
23:10:39 1.09759 1.09776 1.09830 1.09776
23:30:14 1.09816 1.09830 1.09816 1.09770
01:12:37 1.09765 1.09780 1.09824 1.09778
01:27:29 1.09794 1.09810 1.09794 1.09745
01:38:20 1.09813 1.09828 1.09829 1.09783
02:01:52 1.09790 1.09805 1.09851 1.09804
02:28:43 1.09829 1.09844 1.09829 1.09783
02:46:02 1.09791 1.09806 1.09853 1.09806
03:05:18 1.09844 1.09858 1.09845 1.09803
06:09:12 1.09790 1.09804 1.09848 1.09804
06:20:57 1.09840 1.09856 1.09840 1.09784
06:28:40 1.09792 1.09807 1.09852 1.09806
06:36:21 1.09837 1.09851 1.09837 1.09793
06:41:49 1.09797 1.09811 1.09854 1.09811
06:45:03 1.09727 1.09743 1.09800 1.09743
06:45:11 1.09808 1.09827 1.09808 1.09740
06:45:30 1.09874 1.09888 1.09874 1.09823
06:46:25 1.09844 1.09858 1.09908 1.09857
06:47:34 1.09788 1.09804 1.09849 1.09800
06:51:12 1.09767 1.09783 1.09832 1.09783
06:56:32 1.09702 1.09718 1.09769 1.09718
07:00:04 1.09826 1.09840 1.09826 1.09693
07:00:10 1.09813 1.09828 1.09875 1.09828
07:00:27 1.09780 1.09794 1.09837 1.09794
07:00:58 1.09707 1.09723 1.09780 1.09723
07:01:24 1.09763 1.09780 1.09764 1.09713
07:02:05 1.09771 1.09785 1.09800 1.09756
07:05:07 1.09724 1.09739 1.09793 1.09739
07:07:56 1.09691 1.09706 1.09724 1.09676
07:08:24 1.09634 1.09648 1.09691 1.09648
07:12:58 1.09666 1.09682 1.09666 1.09617
07:13:58 1.09711 1.09725 1.09711 1.09667
07:17:49 1.09745 1.09759 1.09761 1.09718
07:21:56 1.09687 1.09702 1.09752 1.09702
07:24:16 1.09622 1.09638 1.09688 1.09637
07:29:28 1.09559 1.09573 1.09627 1.09573
07:32:11 1.09586 1.09601 1.09586 1.09539
07:34:44 1.09540 1.09557 1.09607 1.09554
07:36:10 1.09576 1.09590 1.09585 1.09542
07:43:23 1.09616 1.09630 1.09616 1.09574
07:48:10 1.09593 1.09609 1.09624 1.09576
07:54:19 1.09530 1.09546 1.09596 1.09546
07:56:18 1.09469 1.09485 1.09530 1.09481
07:57:27 1.09429 1.09444 1.09490 1.09444
07:58:43 1.09492 1.09507 1.09492 1.09444
08:02:28 1.09552 1.09567 1.09552 1.09504
08:04:28 1.09497 1.09513 1.09566 1.09513
08:06:54 1.09536 1.09551 1.09536 1.09485
08:12:25 1.09504 1.09518 1.09545 1.09501
08:16:11 1.09512 1.09526 1.09547 1.09504
08:24:54 1.09576 1.09592 1.09576 1.09526
08:33:19 1.09577 1.09591 1.09582 1.09539
08:35:36 1.09629 1.09643 1.09629 1.09587
08:38:02 1.09672 1.09686 1.09672 1.09625
08:40:24 1.09624 1.09638 1.09681 1.09638
08:57:52 1.09583 1.09598 1.09648 1.09598
09:08:49 1.09619 1.09633 1.09619 1.09573
09:14:12 1.09632 1.09647 1.09632 1.09587
09:34:50 1.09673 1.09690 1.09673 1.09620
09:42:08 1.09705 1.09719 1.09705 1.09659
09:48:14 1.09746 1.09760 1.09746 1.09704
10:01:20 1.09701 1.09715 1.09760 1.09715
10:16:51 1.09759 1.09774 1.09759 1.09713
10:25:17 1.09814 1.09829 1.09815 1.09770
10:28:52 1.09876 1.09892 1.09877 1.09829
10:32:57 1.09822 1.09836 1.09877 1.09834
10:40:08 1.09878 1.09894 1.09878 1.09830
10:44:15 1.09934 1.09948 1.09934 1.09892
11:06:37 1.09977 1.09991 1.09977 1.09930
11:12:48 1.10030 1.10044 1.10030 1.09984
11:14:54 1.10095 1.10109 1.10095 1.10041
11:23:33 1.10125 1.10141 1.10125 1.10075
11:28:33 1.10155 1.10170 1.10155 1.10104
11:32:46 1.10129 1.10143 1.10175 1.10132
12:05:19 1.10138 1.10152 1.10138 1.10091
12:08:03 1.10106 1.10122 1.10172 1.10122
12:18:57 1.10067 1.10081 1.10124 1.10081
12:23:22 1.10122 1.10136 1.10122 1.10079
12:29:38 1.10176 1.10191 1.10179 1.10134
12:30:14 1.10232 1.10254 1.10232 1.10166
12:30:29 1.10290 1.10304 1.10290 1.10227
12:30:46 1.10270 1.10284 1.10329 1.10284
12:31:01 1.10201 1.10218 1.10270 1.10218
12:31:56 1.10211 1.10226 1.10211 1.10166
12:32:50 1.10182 1.10197 1.10245 1.10197
12:35:26 1.10160 1.10174 1.10209 1.10166
12:36:03 1.10117 1.10131 1.10175 1.10131
12:37:15 1.10152 1.10166 1.10163 1.10119
12:40:11 1.10122 1.10136 1.10180 1.10136
12:41:30 1.10074 1.10088 1.10131 1.10088
12:45:34 1.10032 1.10046 1.10091 1.10046
12:49:13 1.10090 1.10106 1.10090 1.10042
12:52:45 1.10126 1.10140 1.10139 1.10097
12:58:09 1.10091 1.10105 1.10148 1.10105
13:01:07 1.10037 1.10051 1.10097 1.10051
13:03:39 1.09993 1.10007 1.10053 1.10006
13:07:29 1.09971 1.09985 1.10027 1.09982
13:10:36 1.09985 1.09999 1.09985 1.09939
13:15:20 1.10003 1.10017 1.10036 1.09992
13:19:59 1.09951 1.09967 1.10017 1.09967
13:23:46 1.09987 1.10002 1.09987 1.09941
13:32:07 1.09954 1.09969 1.10016 1.09968
13:38:16 1.09955 1.09969 1.09984 1.09941
13:46:05 1.10005 1.10020 1.10005 1.09959
13:54:45 1.10053 1.10067 1.10053 1.10011
13:57:51 1.10098 1.10113 1.10098 1.10051
13:59:20 1.10152 1.10166 1.10156 1.10113
14:00:11 1.10241 1.10268 1.10241 1.10160
14:00:31 1.10221 1.10235 1.10281 1.10235
14:01:13 1.10264 1.10279 1.10264 1.10219
14:01:30 1.10324 1.10338 1.10324 1.10279
14:02:01 1.10376 1.10390 1.10379 1.10333
14:04:16 1.10251 1.10266 1.10382 1.10266
14:05:36 1.10273 1.10289 1.10273 1.10224
14:08:54 1.10308 1.10322 1.10312 1.10266
14:10:07 1.10356 1.10370 1.10356 1.10314
14:15:46 1.10383 1.10399 1.10383 1.10333
14:17:20 1.10440 1.10454 1.10440 1.10398
14:19:22 1.10388 1.10402 1.10447 1.10402
14:22:08 1.10346 1.10361 1.10407 1.10361
14:23:18 1.10398 1.10413 1.10398 1.10353
14:24:51 1.10465 1.10481 1.10465 1.10411
14:25:31 1.10399 1.10415 1.10466 1.10415
14:40:51 1.10424 1.10439 1.10426 1.10379
14:44:54 1.10375 1.10389 1.10430 1.10387
14:51:44 1.10319 1.10334 1.10380 1.10334
14:59:40 1.10362 1.10376 1.10362 1.10318
15:04:40 1.10315 1.10329 1.10366 1.10322
15:09:47 1.10278 1.10292 1.10339 1.10292
15:14:00 1.10300 1.10315 1.10300 1.10253
15:19:44 1.10261 1.10275 1.10319 1.10275
15:25:18 1.10276 1.10291 1.10276 1.10230
15:35:12 1.10260 1.10275 1.10323 1.10275
15:39:54 1.10297 1.10311 1.10319 1.10274
15:45:31 1.10328 1.10342 1.10328 1.10282
15:57:02 1.10372 1.10386 1.10372 1.10330
16:05:56 1.10410 1.10424 1.10410 1.10366
16:13:26 1.10362 1.10377 1.10423 1.10377
16:23:32 1.10314 1.10329 1.10375 1.10329
16:38:52 1.10280 1.10295 1.10344 1.10295
16:59:11 1.10244 1.10260 1.10311 1.10260
17:20:42 1.10230 1.10244 1.10287 1.10244
17:29:40 1.10179 1.10193 1.10233 1.10188
17:45:36 1.10154 1.10168 1.10212 1.10168
17:53:14 1.10207 1.10221 1.10207 1.10159
18:08:04 1.10173 1.10188 1.10235 1.10188
18:21:43 1.10210 1.10224 1.10210 1.10168
18:51:06 1.10250 1.10264 1.10250 1.10207
18:58:32 1.10227 1.10243 1.10292 1.10243
19:23:36 1.10192 1.10208 1.10258 1.10208
19:55:04 1.10233 1.10247 1.10240 1.10197
20:40:51 1.10176 1.10191 1.10236 1.10190
22:01:25 1.10205 1.10220 1.10205 1.10160
22:34:20 1.10244 1.10258 1.10263 1.10220
00:01:43 1.10219 1.10234 1.10276 1.10228
00:30:02 1.10215 1.10229 1.10273 1.10228
01:12:12 1.10180 1.10194 1.10237 1.10194
01:36:34 1.10233 1.10248 1.10234 1.10189
01:43:48 1.10190 1.10206 1.10257 1.10206
01:56:02 1.10151 1.10167 1.10215 1.10164
02:00:46 1.10097 1.10112 1.10158 1.10112
02:05:02 1.10141 1.10155 1.10142 1.10099
02:28:07 1.10097 1.10111 1.10155 1.10111
02:55:33 1.10148 1.10163 1.10148 1.10102
03:56:54 1.10114 1.10129 1.10175 1.10129
04:53:51 1.10062 1.10077 1.10123 1.10075
05:56:47 1.10108 1.10123 1.10108 1.10061
06:15:33 1.10138 1.10152 1.10138 1.10096
06:23:38 1.10112 1.10126 1.10169 1.10126
06:48:18 1.10078 1.10093 1.10143 1.10093
07:00:04 1.10132 1.10147 1.10132 1.10077
07:05:27 1.10171 1.10186 1.10171 1.10126
07:08:41 1.10112 1.10126 1.10171 1.10126
07:16:46 1.10165 1.10179 1.10165 1.10120
07:19:47 1.10156 1.10170 1.10182 1.10140
07:23:18 1.10196 1.10211 1.10196 1.10147
07:29:23 1.10238 1.10253 1.10256 1.10210
07:39:22 1.10220 1.10235 1.10281 1.10235
07:46:10 1.10180 1.10194 1.10226 1.10183
08:12:32 1.10159 1.10173 1.10210 1.10166
08:14:40 1.10214 1.10230 1.10214 1.10166
08:22:01 1.10172 1.10187 1.10230 1.10183
08:35:09 1.10124 1.10139 1.10188 1.10139
08:46:00 1.10168 1.10182 1.10168 1.10123
08:52:13 1.10217 1.10232 1.10217 1.10172
08:54:34 1.10276 1.10292 1.10276 1.10228
08:57:56 1.10304 1.10318 1.10327 1.10283
09:00:12 1.10285 1.10300 1.10353 1.10300
09:04:07 1.10280 1.10295 1.10341 1.10295
09:08:40 1.10310 1.10324 1.10310 1.10266
09:17:40 1.10277 1.10291 1.10334 1.10291
09:39:08 1.10318 1.10332 1.10318 1.10274
09:54:06 1.10311 1.10325 1.10369 1.10325
10:11:49 1.10341 1.10355 1.10341 1.10299
10:26:38 1.10380 1.10394 1.10380 1.10337
10:49:06 1.10393 1.10408 1.10393 1.10348
11:00:35 1.10335 1.10350 1.10396 1.10350
11:17:31 1.10295 1.10309 1.10352 1.10309
11:43:50 1.10258 1.10273 1.10318 1.10270
11:56:35 1.10285 1.10300 1.10285 1.10239
12:04:45 1.10305 1.10320 1.10305 1.10259
12:06:57 1.10263 1.10277 1.10319 1.10276
12:11:26 1.10206 1.10221 1.10268 1.10221
12:26:53 1.10241 1.10256 1.10241 1.10196
12:31:13 1.10301 1.10316 1.10302 1.10255
12:49:05 1.10341 1.10355 1.10341 1.10298
12:52:42 1.10367 1.10382 1.10367 1.10321
12:57:09 1.10322 1.10336 1.10380 1.10336
13:00:10 1.10268 1.10282 1.10327 1.10282
13:14:32 1.10215 1.10231 1.10280 1.10231
13:16:47 1.10161 1.10175 1.10224 1.10175
13:25:02 1.10202 1.10216 1.10202 1.10160
13:31:50 1.10239 1.10253 1.10249 1.10205
13:33:19 1.10284 1.10298 1.10296 1.10253
13:36:19 1.10342 1.10356 1.10342 1.10298
13:45:26 1.10377 1.10391 1.10377 1.10333
13:47:18 1.10440 1.10454 1.10440 1.10390
13:53:33 1.10393 1.10407 1.10449 1.10405
13:57:21 1.10363 1.10377 1.10402 1.10359
14:01:06 1.10410 1.10425 1.10410 1.10364
14:07:14 1.10383 1.10397 1.10434 1.10390
14:11:18 1.10436 1.10451 1.10439 1.10393
14:20:59 1.10386 1.10402 1.10451 1.10402
14:30:07 1.10426 1.10440 1.10426 1.10381
14:33:31 1.10378 1.10393 1.10441 1.10393
14:37:07 1.10317 1.10333 1.10385 1.10333
14:50:07 1.10269 1.10285 1.10334 1.10285
14:57:14 1.10280 1.10295 1.10280 1.10232
15:01:04 1.10236 1.10250 1.10293 1.10250
15:04:56 1.10197 1.10212 1.10258 1.10212
15:13:07 1.10189 1.10203 1.10247 1.10203
15:16:27 1.10143 1.10158 1.10204 1.10157
15:20:07 1.10178 1.10192 1.10178 1.10132
15:23:32 1.10229 1.10243 1.10229 1.10187
15:29:57 1.10256 1.10270 1.10256 1.10212
15:40:18 1.10232 1.10246 1.10290 1.10244
15:51:40 1.10190 1.10204 1.10250 1.10204
16:10:13 1.10132 1.10147 1.10195 1.10147
16:33:37 1.10085 1.10100 1.10147 1.10100
16:54:13 1.10038 1.10052 1.10093 1.10048
17:24:19 1.10092 1.10106 1.10092 1.10050
17:58:43 1.10043 1.10058 1.10107 1.10058
18:16:39 1.10034 1.10048 1.10058 1.10016
18:34:20 1.10011 1.10025 1.10068 1.10025
18:58:15 1.09976 1.09991 1.10037 1.09991
19:38:19 1.09945 1.09959 1.10000 1.09955
22:04:32 1.09988 1.10002 1.09988 1.09943
23:43:38 1.09962 1.09977 1.10023 1.09977
00:25:16 1.09951 1.09965 1.10009 1.09965
00:56:21 1.09894 1.09908 1.09951 1.09908
01:45:15 1.09843 1.09858 1.09902 1.09856
02:24:58 1.09805 1.09820 1.09868 1.09820
03:04:46 1.09860 1.09875 1.09860 1.09814
04:11:18 1.09824 1.09839 1.09884 1.09838
04:34:14 1.09867 1.09881 1.09872 1.09828
04:57:23 1.09902 1.09918 1.09904 1.09855
05:26:34 1.09919 1.09934 1.09921 1.09876
05:57:32 1.09954 1.09969 1.09954 1.09905
06:13:04 1.09921 1.09936 1.09986 1.09936
06:29:57 1.09931 1.09945 1.09936 1.09893
06:36:53 1.09989 1.10004 1.09989 1.09944
06:47:04 1.09939 1.09953 1.09996 1.09953
07:01:50 1.09897 1.09912 1.09958 1.09911
07:04:11 1.09840 1.09855 1.09903 1.09855
07:07:42 1.09782 1.09796 1.09841 1.09796
07:09:37 1.09721 1.09737 1.09789 1.09737
07:11:50 1.09752 1.09766 1.09752 1.09710
07:15:51 1.09772 1.09786 1.09772 1.09730
07:25:10 1.09796 1.09811 1.09797 1.09752
07:30:01 1.09758 1.09773 1.09816 1.09770
07:37:07 1.09806 1.09820 1.09814 1.09770
07:45:11 1.09807 1.09822 1.09816 1.09770
07:48:13 1.09784 1.09799 1.09846 1.09799
07:49:20 1.09731 1.09745 1.09795 1.09745
07:53:02 1.09787 1.09801 1.09788 1.09742
08:00:59 1.09744 1.09759 1.09805 1.09759
08:09:06 1.09793 1.09808 1.09795 1.09749
08:15:40 1.09847 1.09861 1.09851 1.09808
08:22:51 1.09802 1.09816 1.09854 1.09810
08:33:29 1.09748 1.09762 1.09805 1.09761
08:48:37 1.09759 1.09773 1.09759 1.09717
08:59:05 1.09727 1.09741 1.09784 1.09741
09:07:25 1.09689 1.09704 1.09750 1.09704
09:25:57 1.09710 1.09725 1.09710 1.09665
09:57:43 1.09756 1.09771 1.09756 1.09709
10:15:10 1.09708 1.09724 1.09776 1.09724
10:28:45 1.09751 1.09766 1.09751 1.09703
10:53:00 1.09766 1.09780 1.09774 1.09731
10:55:26 1.09823 1.09837 1.09823 1.09778
11:04:10 1.09780 1.09794 1.09839 1.09794
11:21:17 1.09741 1.09755 1.09801 1.09755
11:56:07 1.09744 1.09758 1.09792 1.09747
12:09:20 1.09705 1.09719 1.09762 1.09719
12:11:24 1.09646 1.09660 1.09705 1.09660
12:15:56 1.09579 1.09595 1.09650 1.09595
12:21:45 1.09578 1.09592 1.09636 1.09592
12:35:39 1.09612 1.09627 1.09612 1.09567
12:47:07 1.09569 1.09583 1.09627 1.09583
12:51:24 1.09518 1.09532 1.09575 1.09532
13:02:40 1.09575 1.09589 1.09575 1.09532
13:06:55 1.09627 1.09641 1.09627 1.09582
13:13:11 1.09685 1.09699 1.09685 1.09641
13:15:32 1.09739 1.09753 1.09739 1.09693
13:19:28 1.09717 1.09731 1.09744 1.09702
13:28:41 1.09749 1.09763 1.09758 1.09715
13:34:37 1.09725 1.09739 1.09769 1.09724
13:49:45 1.09759 1.09775 1.09759 1.09710
13:57:10 1.09726 1.09740 1.09773 1.09730
14:00:01 1.09794 1.09812 1.09794 1.09726
14:00:07 1.09850 1.09864 1.09850 1.09803
14:00:15 1.09862 1.09876 1.09862 1.09816
14:01:57 1.09811 1.09828 1.09884 1.09828
14:02:56 1.09757 1.09772 1.09815 1.09768
14:03:26 1.09819 1.09836 1.09821 1.09770
14:04:53 1.09778 1.09793 1.09839 1.09792
14:07:09 1.09719 1.09733 1.09780 1.09732
14:12:55 1.09681 1.09697 1.09746 1.09697
14:15:27 1.09627 1.09641 1.09685 1.09641
14:25:43 1.09653 1.09667 1.09679 1.09636
14:29:43 1.09670 1.09684 1.09670 1.09627
14:39:23 1.09719 1.09734 1.09719 1.09673
14:44:28 1.09693 1.09709 1.09759 1.09709
14:46:49 1.09641 1.09656 1.09704 1.09656
14:49:11 1.09660 1.09674 1.09660 1.09617
14:52:05 1.09701 1.09715 1.09701 1.09659
14:52:25 1.09758 1.09772 1.09758 1.09715
14:55:07 1.09742 1.09756 1.09799 1.09756
14:57:25 1.09769 1.09783 1.09769 1.09727
15:03:09 1.09817 1.09831 1.09817 1.09772
15:04:04 1.09783 1.09797 1.09841 1.09797
15:07:30 1.09719 1.09734 1.09783 1.09734
15:16:52 1.09664 1.09678 1.09721 1.09677
15:29:25 1.09620 1.09634 1.09671 1.09628
15:39:48 1.09671 1.09685 1.09671 1.09621
15:42:38 1.09617 1.09631 1.09674 1.09631
15:51:20 1.09658 1.09672 1.09658 1.09616
16:06:03 1.09707 1.09721 1.09711 1.09668
16:18:41 1.09754 1.09768 1.09754 1.09711
16:27:26 1.09719 1.09733 1.09776 1.09733
16:50:05 1.09677 1.09692 1.09738 1.09692
17:01:47 1.09735 1.09750 1.09735 1.09690
17:22:03 1.09697 1.09712 1.09758 1.09712
17:32:53 1.09643 1.09657 1.09700 1.09657
18:08:55 1.09677 1.09691 1.09677 1.09634
18:34:33 1.09674 1.09688 1.09731 1.09688
18:57:58 1.09729 1.09743 1.09729 1.09686
19:24:21 1.09782 1.09797 1.09786 1.09739
19:33:39 1.09822 1.09836 1.09822 1.09780
21:21:40 1.09868 1.09888 1.09872 1.09812
21:35:49 1.09935 1.09950 1.09935 1.09888
21:50:50 1.10020 1.10045 1.10020 1.09941
21:55:12 1.10129 1.10151 1.10131 1.10044
21:58:25 1.10193 1.10213 1.10193 1.10133
22:00:05 1.10096 1.10120 1.10193 1.10109
22:02:25 1.10167 1.10185 1.10167 1.10113
22:10:46 1.10111 1.10128 1.10176 1.10119
22:15:04 1.10044 1.10060 1.10111 1.10060
22:18:53 1.10076 1.10091 1.10081 1.10035
22:22:11 1.10064 1.10078 1.10090 1.10048
22:32:27 1.09999 1.10015 1.10064 1.10015
22:47:39 1.10037 1.10051 1.10037 1.09994
23:12:56 1.10084 1.10098 1.10095 1.10051
23:25:00 1.10112 1.10126 1.10133 1.10089
23:34:22 1.10152 1.10166 1.10161 1.10119
23:57:55 1.10090 1.10104 1.10153 1.10104
00:04:07 1.10029 1.10044 1.10090 1.10043
00:06:48 1.09980 1.09995 1.10041 1.09995
00:32:17 1.09931 1.09945 1.09985 1.09941
01:06:42 1.09976 1.09990 1.09978 1.09936
01:36:08 1.09995 1.10009 1.09995 1.09953
01:39:46 1.10051 1.10065 1.10053 1.10006
01:48:43 1.10000 1.10017 1.10067 1.10015
01:56:29 1.09934 1.09951 1.10005 1.09951
02:03:08 1.09885 1.09900 1.09948 1.09900
02:51:27 1.09836 1.09851 1.09897 1.09850
03:29:34 1.09851 1.09866 1.09856 1.09810
03:47:30 1.09823 1.09837 1.09881 1.09837
04:00:30 1.09874 1.09888 1.09875 1.09833
04:21:58 1.09819 1.09833 1.09875 1.09832
04:58:42 1.09867 1.09881 1.09867 1.09824
05:01:32 1.09923 1.09937 1.09923 1.09881
05:16:26 1.09980 1.09997 1.09980 1.09929
05:33:29 1.09936 1.09950 1.09999 1.09950
05:50:04 1.09902 1.09916 1.09962 1.09916
06:05:58 1.09887 1.09902 1.09948 1.09902
06:14:50 1.09827 1.09842 1.09888 1.09842
06:35:06 1.09866 1.09880 1.09866 1.09823
06:44:14 1.09921 1.09935 1.09921 1.09875
06:57:15 1.09893 1.09908 1.09954 1.09907
07:00:29 1.09839 1.09854 1.09901 1.09854
07:12:02 1.09882 1.09896 1.09887 1.09844
07:23:59 1.09821 1.09837 1.09888 1.09837
07:30:11 1.09872 1.09887 1.09872 1.09827
07:34:53 1.09931 1.09947 1.09932 1.09883
07:39:18 1.09907 1.09921 1.09963 1.09919
07:41:16 1.09948 1.09963 1.09951 1.09905
07:47:12 1.09898 1.09912 1.09958 1.09912
07:52:41 1.09939 1.09954 1.09940 1.09893
07:55:11 1.09888 1.09902 1.09944 1.09900
08:03:04 1.09900 1.09915 1.09918 1.09873
08:06:23 1.09841 1.09856 1.09902 1.09856
08:08:30 1.09778 1.09793 1.09843 1.09793
08:12:57 1.09814 1.09829 1.09814 1.09768
08:25:09 1.09873 1.09889 1.09873 1.09825
08:33:01 1.09873 1.09887 1.09900 1.09858
08:38:44 1.09812 1.09827 1.09875 1.09827
08:57:23 1.09844 1.09858 1.09863 1.09819
09:06:46 1.09795 1.09810 1.09856 1.09809
09:25:54 1.09786 1.09800 1.09839 1.09796
09:57:24 1.09816 1.09830 1.09816 1.09774
10:02:54 1.09763 1.09777 1.09819 1.09774
10:12:30 1.09730 1.09745 1.09791 1.09745
10:24:03 1.09685 1.09699 1.09732 1.09689
10:34:11 1.09744 1.09759 1.09744 1.09697
11:25:45 1.09735 1.09749 1.09795 1.09749
11:59:46 1.09779 1.09793 1.09779 1.09735
12:02:04 1.09829 1.09843 1.09829 1.09787
12:15:01 1.09688 1.09716 1.09866 1.09716
12:15:43 1.09725 1.09740 1.09729 1.09681
12:15:52 1.09669 1.09684 1.09731 1.09684
12:16:21 1.09729 1.09745 1.09729 1.09681
12:19:07 1.09772 1.09786 1.09772 1.09728
12:20:12 1.09714 1.09729 1.09776 1.09728
12:25:13 1.09680 1.09695 1.09742 1.09695
12:27:04 1.09710 1.09726 1.09717 1.09668
12:31:59 1.09681 1.09695 1.09739 1.09695
12:32:37 1.09627 1.09641 1.09681 1.09637
12:36:28 1.09588 1.09603 1.09650 1.09603
12:40:05 1.09583 1.09597 1.09640 1.09597
12:42:28 1.09628 1.09643 1.09629 1.09583
12:48:52 1.09652 1.09668 1.09653 1.09604
12:54:35 1.09624 1.09638 1.09678 1.09634
13:00:08 1.09582 1.09596 1.09640 1.09596
13:06:17 1.09550 1.09564 1.09590 1.09546
13:11:14 1.09595 1.09609 1.09595 1.09552
13:15:28 1.09634 1.09648 1.09634 1.09591
13:33:54 1.09609 1.09623 1.09672 1.09623
13:38:40 1.09582 1.09596 1.09639 1.09595
13:42:38 1.09524 1.09538 1.09584 1.09538
13:44:36 1.09575 1.09589 1.09575 1.09533
13:46:30 1.09516 1.09530 1.09575 1.09530
13:49:23 1.09559 1.09573 1.09559 1.09516
13:51:45 1.09600 1.09614 1.09600 1.09554
13:53:45 1.09539 1.09554 1.09600 1.09554
14:00:57 1.09475 1.09489 1.09539 1.09489
14:06:02 1.09453 1.09468 1.09497 1.09450
14:09:57 1.09433 1.09447 1.09491 1.09446
14:11:27 1.09375 1.09389 1.09433 1.09389
14:19:58 1.09340 1.09354 1.09383 1.09339
14:24:22 1.09302 1.09316 1.09359 1.09316
14:26:10 1.09255 1.09270 1.09317 1.09266
14:27:11 1.09217 1.09231 1.09275 1.09231
14:32:52 1.09235 1.09250 1.09236 1.09190
14:37:56 1.09292 1.09307 1.09292 1.09245
14:41:09 1.09244 1.09259 1.09308 1.09259
14:44:18 1.09197 1.09212 1.09258 1.09212
14:46:43 1.09234 1.09248 1.09248 1.09205
14:51:15 1.09265 1.09279 1.09265 1.09222
14:55:14 1.09270 1.09284 1.09270 1.09227
14:57:39 1.09266 1.09280 1.09318 1.09274
15:03:02 1.09247 1.09261 1.09292 1.09247
15:05:22 1.09281 1.09295 1.09281 1.09238
15:10:46 1.09278 1.09292 1.09335 1.09292
15:18:60 1.09253 1.09267 1.09308 1.09265
15:21:29 1.09307 1.09321 1.09307 1.09261
15:28:59 1.09363 1.09378 1.09363 1.09316
15:33:33 1.09414 1.09428 1.09414 1.09370
15:38:58 1.09376 1.09390 1.09433 1.09390
15:53:27 1.09346 1.09360 1.09404 1.09360
16:02:14 1.09392 1.09407 1.09392 1.09347
16:12:24 1.09392 1.09406 1.09444 1.09400
16:23:41 1.09419 1.09433 1.09419 1.09377
16:37:29 1.09471 1.09485 1.09474 1.09430
16:52:23 1.09455 1.09469 1.09482 1.09440
16:57:03 1.09514 1.09529 1.09514 1.09469
17:04:19 1.09548 1.09562 1.09548 1.09506
17:19:57 1.09512 1.09526 1.09569 1.09526
17:55:26 1.09477 1.09492 1.09539 1.09492
18:30:02 1.09429 1.09443 1.09486 1.09443
19:23:50 1.09395 1.09409 1.09451 1.09408
19:46:33 1.09407 1.09422 1.09407 1.09356
20:03:01 1.09363 1.09377 1.09420 1.09377
22:00:06 1.09389 1.09403 1.09402 1.09360
23:13:08 1.09445 1.09460 1.09445 1.09399
00:16:13 1.09388 1.09403 1.09450 1.09403
01:23:33 1.09425 1.09440 1.09425 1.09379
01:34:42 1.09482 1.09496 1.09482 1.09438
01:59:37 1.09429 1.09444 1.09486 1.09440
02:39:30 1.09400 1.09414 1.09441 1.09396
02:51:01 1.09346 1.09362 1.09412 1.09362
03:30:48 1.09314 1.09328 1.09372 1.09328
04:37:57 1.09286 1.09302 1.09352 1.09302
04:42:51 1.09236 1.09250 1.09290 1.09247
05:05:07 1.09189 1.09203 1.09246 1.09203
05:18:15 1.09246 1.09260 1.09246 1.09200
05:36:43 1.09308 1.09323 1.09308 1.09260
05:52:31 1.09322 1.09336 1.09322 1.09278
05:57:32 1.09368 1.09382 1.09374 1.09330
06:00:35 1.09339 1.09354 1.09401 1.09354
06:03:55 1.09376 1.09390 1.09395 1.09353
06:05:29 1.09423 1.09437 1.09425 1.09383
06:11:28 1.09364 1.09379 1.09426 1.09379
06:21:55 1.09355 1.09369 1.09417 1.09369
06:36:26 1.09334 1.09348 1.09390 1.09347
06:45:30 1.09283 1.09297 1.09341 1.09296
06:52:40 1.09222 1.09236 1.09283 1.09236
07:04:18 1.09169 1.09186 1.09243 1.09186
07:08:30 1.09214 1.09229 1.09214 1.09163
07:10:16 1.09236 1.09251 1.09236 1.09191
07:15:46 1.09172 1.09188 1.09236 1.09187
07:21:03 1.09196 1.09212 1.09196 1.09147
07:24:28 1.09207 1.09221 1.09207 1.09161
07:31:47 1.09222 1.09237 1.09222 1.09175
07:39:02 1.09214 1.09228 1.09273 1.09228
07:50:32 1.09189 1.09203 1.09244 1.09200
07:55:15 1.09229 1.09245 1.09229 1.09179
07:57:04 1.09180 1.09195 1.09240 1.09193
08:02:02 1.09161 1.09175 1.09223 1.09175
08:09:02 1.09190 1.09204 1.09196 1.09149
08:17:12 1.09165 1.09180 1.09224 1.09177
08:24:33 1.09200 1.09215 1.09200 1.09155
08:32:52 1.09151 1.09165 1.09210 1.09165
08:45:10 1.09186 1.09201 1.09186 1.09130
08:56:02 1.09200 1.09214 1.09216 1.09173
09:01:21 1.09250 1.09265 1.09259 1.09213
09:05:44 1.09308 1.09322 1.09308 1.09265
09:12:06 1.09368 1.09382 1.09368 1.09322
09:17:32 1.09315 1.09330 1.09377 1.09329
09:27:05 1.09285 1.09301 1.09350 1.09301
09:53:39 1.09298 1.09314 1.09298 1.09249
10:07:59 1.09267 1.09282 1.09329 1.09281
10:13:44 1.09230 1.09244 1.09287 1.09244
10:41:21 1.09267 1.09281 1.09267 1.09225
10:47:10 1.09315 1.09330 1.09315 1.09270
11:00:05 1.09291 1.09305 1.09350 1.09303
11:00:30 1.09351 1.09366 1.09351 1.09301
11:03:51 1.09290 1.09305 1.09351 1.09305
11:08:12 1.09250 1.09264 1.09306 1.09261
11:12:41 1.09292 1.09306 1.09292 1.09250
11:16:05 1.09349 1.09363 1.09349 1.09305
11:19:19 1.09404 1.09419 1.09404 1.09359
11:22:30 1.09355 1.09369 1.09412 1.09369
11:25:36 1.09295 1.09309 1.09356 1.09309
11:31:49 1.09319 1.09334 1.09328 1.09282
11:37:44 1.09369 1.09383 1.09371 1.09329
11:38:47 1.09419 1.09433 1.09419 1.09377
11:39:26 1.09428 1.09442 1.09455 1.09413
11:42:59 1.09401 1.09415 1.09454 1.09411
11:48:42 1.09457 1.09472 1.09457 1.09412
11:54:17 1.09429 1.09443 1.09482 1.09438
11:57:06 1.09372 1.09386 1.09431 1.09386
12:01:32 1.09306 1.09322 1.09372 1.09322
12:02:52 1.09348 1.09363 1.09348 1.09303
12:10:17 1.09288 1.09302 1.09351 1.09302
12:12:54 1.09335 1.09349 1.09335 1.09293
12:18:34 1.09301 1.09316 1.09362 1.09316
12:27:43 1.09249 1.09265 1.09314 1.09265
12:30:04 1.09328 1.09345 1.09328 1.09263
12:30:18 1.09375 1.09390 1.09388 1.09343
12:30:32 1.09311 1.09326 1.09375 1.09326
12:31:01 1.09275 1.09292 1.09345 1.09292
12:31:46 1.09263 1.09279 1.09328 1.09279
12:34:05 1.09285 1.09302 1.09285 1.09231
12:36:01 1.09312 1.09327 1.09313 1.09266
12:39:19 1.09378 1.09394 1.09378 1.09325
12:40:16 1.09444 1.09460 1.09444 1.09391
12:41:45 1.09495 1.09511 1.09495 1.09437
12:43:12 1.09556 1.09570 1.09556 1.09508
12:45:12 1.09494 1.09509 1.09556 1.09509
12:47:09 1.09468 1.09482 1.09527 1.09482
12:51:46 1.09481 1.09495 1.09481 1.09438
12:55:01 1.09436 1.09450 1.09495 1.09450
12:56:00 1.09389 1.09403 1.09445 1.09399
13:00:52 1.09346 1.09360 1.09405 1.09360
13:02:35 1.09292 1.09306 1.09347 1.09304
13:05:52 1.09325 1.09339 1.09325 1.09282
13:09:43 1.09272 1.09286 1.09330 1.09286
13:19:01 1.09260 1.09274 1.09287 1.09245
13:23:39 1.09315 1.09330 1.09315 1.09270
13:29:41 1.09268 1.09283 1.09329 1.09282
13:35:42 1.09307 1.09322 1.09307 1.09261
13:38:22 1.09281 1.09295 1.09330 1.09286
13:40:52 1.09214 1.09230 1.09281 1.09230
13:41:44 1.09156 1.09171 1.09218 1.09171
13:44:54 1.09193 1.09207 1.09213 1.09170
13:50:46 1.09226 1.09240 1.09226 1.09184
13:54:12 1.09161 1.09177 1.09226 1.09177
14:00:00 1.09216 1.09230 1.09216 1.09164
14:00:22 1.09231 1.09247 1.09240 1.09187
14:01:11 1.09194 1.09209 1.09258 1.09209
14:03:21 1.09221 1.09238 1.09221 1.09169
14:03:58 1.09279 1.09293 1.09279 1.09236
14:07:29 1.09321 1.09336 1.09325 1.09278
14:09:10 1.09315 1.09329 1.09366 1.09323
14:10:27 1.09243 1.09258 1.09317 1.09258
14:12:26 1.09205 1.09220 1.09262 1.09215
14:17:05 1.09180 1.09196 1.09248 1.09196
14:19:37 1.09230 1.09246 1.09230 1.09180
14:23:55 1.09273 1.09287 1.09273 1.09225
14:26:00 1.09323 1.09338 1.09323 1.09277
14:28:16 1.09372 1.09387 1.09372 1.09327
14:30:55 1.09368 1.09382 1.09424 1.09381
14:35:46 1.09413 1.09429 1.09413 1.09364
14:39:26 1.09460 1.09477 1.09460 1.09408
14:41:49 1.09410 1.09424 1.09472 1.09424
14:43:06 1.09376 1.09390 1.09436 1.09390
14:46:14 1.09346 1.09360 1.09404 1.09360
14:54:22 1.09312 1.09326 1.09366 1.09322
15:02:27 1.09302 1.09316 1.09352 1.09309
15:04:14 1.09361 1.09375 1.09361 1.09316
15:10:52 1.09403 1.09417 1.09403 1.09358
15:16:19 1.09457 1.09471 1.09457 1.09415
15:18:00 1.09506 1.09521 1.09506 1.09461
15:21:01 1.09479 1.09494 1.09538 1.09492
15:27:56 1.09507 1.09522 1.09507 1.09460
15:32:30 1.09528 1.09542 1.09528 1.09484
15:37:21 1.09475 1.09490 1.09536 1.09490
15:46:27 1.09429 1.09445 1.09494 1.09445
15:52:08 1.09471 1.09485 1.09472 1.09429
16:10:07 1.09502 1.09518 1.09502 1.09454
16:30:45 1.09534 1.09548 1.09534 1.09492
16:38:13 1.09578 1.09593 1.09578 1.09533
16:50:01 1.09607 1.09621 1.09610 1.09568
16:58:06 1.09561 1.09576 1.09622 1.09576
17:18:54 1.09501 1.09516 1.09562 1.09516
17:29:21 1.09449 1.09463 1.09507 1.09462
17:35:02 1.09490 1.09505 1.09490 1.09442
17:54:49 1.09470 1.09484 1.09527 1.09484
18:04:41 1.09494 1.09508 1.09494 1.09451
18:20:15 1.09516 1.09530 1.09516 1.09473
18:32:53 1.09461 1.09475 1.09516 1.09471
18:58:39 1.09419 1.09434 1.09480 1.09434
20:00:57 1.09440 1.09455 1.09441 1.09394
22:16:51 1.09502 1.09518 1.09503 1.09455
00:05:26 1.09468 1.09483 1.09529 1.09482
00:41:17 1.09519 1.09534 1.09519 1.09474
01:00:29 1.09555 1.09570 1.09556 1.09509
01:30:28 1.09592 1.09606 1.09592 1.09550
01:49:20 1.09549 1.09563 1.09608 1.09562
02:01:49 1.09602 1.09618 1.09602 1.09551
02:07:02 1.09542 1.09557 1.09604 1.09557
02:19:45 1.09571 1.09586 1.09583 1.09536
03:12:32 1.09589 1.09603 1.09592 1.09550
03:45:44 1.09538 1.09552 1.09596 1.09552
04:59:16 1.09491 1.09505 1.09548 1.09503
05:17:56 1.09527 1.09542 1.09533 1.09487
05:57:11 1.09514 1.09529 1.09577 1.09529
06:00:14 1.09565 1.09580 1.09565 1.09516
06:08:41 1.09518 1.09532 1.09577 1.09532
06:30:56 1.09495 1.09510 1.09557 1.09510
07:01:09 1.09446 1.09461 1.09506 1.09460
07:11:33 1.09491 1.09505 1.09491 1.09449
07:17:56 1.09466 1.09480 1.09518 1.09475
07:34:04 1.09518 1.09533 1.09518 1.09471
07:45:00 1.09478 1.09492 1.09536 1.09492
08:07:57 1.09504 1.09520 1.09504 1.09455
08:29:21 1.09462 1.09476 1.09519 1.09476
08:34:30 1.09418 1.09433 1.09481 1.09433
08:45:30 1.09376 1.09390 1.09431 1.09386
09:35:46 1.09373 1.09387 1.09430 1.09387
09:40:11 1.09407 1.09421 1.09407 1.09360
09:58:36 1.09446 1.09460 1.09451 1.09408
10:14:39 1.09392 1.09407 1.09456 1.09407
10:28:10 1.09446 1.09461 1.09446 1.09400
10:38:19 1.09466 1.09481 1.09466 1.09421
10:51:56 1.09419 1.09434 1.09480 1.09434
11:27:49 1.09443 1.09457 1.09443 1.09400
11:48:50 1.09393 1.09407 1.09450 1.09407
12:00:12 1.09371 1.09385 1.09427 1.09383
12:06:19 1.09402 1.09416 1.09402 1.09360
12:10:29 1.09462 1.09476 1.09462 1.09416
12:13:16 1.09416 1.09430 1.09473 1.09430
12:15:12 1.09457 1.09471 1.09457 1.09415
12:24:13 1.09507 1.09521 1.09507 1.09464
12:30:01 1.09343 1.09383 1.09531 1.09383
12:30:06 1.09491 1.09522 1.09491 1.09379
12:30:07 1.09629 1.09647 1.09629 1.09522
12:30:09 1.09531 1.09559 1.09629 1.09540
12:30:12 1.09484 1.09504 1.09569 1.09504
12:30:17 1.09557 1.09571 1.09557 1.09499
12:30:23 1.09639 1.09655 1.09640 1.09571
12:30:37 1.09733 1.09747 1.09733 1.09649
12:31:01 1.09695 1.09714 1.09776 1.09714
12:31:26 1.09700 1.09714 1.09700 1.09658
12:31:44 1.09751 1.09766 1.09753 1.09707
12:32:02 1.09689 1.09704 1.09751 1.09703
12:32:40 1.09728 1.09745 1.09729 1.09677
12:33:20 1.09683 1.09698 1.09744 1.09698
12:33:45 1.09617 1.09632 1.09687 1.09632
12:34:03 1.09580 1.09595 1.09641 1.09595
12:34:11 1.09629 1.09643 1.09629 1.09579
12:35:49 1.09602 1.09616 1.09661 1.09616
12:36:27 1.09627 1.09641 1.09629 1.09587
12:37:56 1.09643 1.09658 1.09643 1.09598
12:38:13 1.09577 1.09593 1.09643 1.09593
12:39:19 1.09566 1.09581 1.09627 1.09581
12:40:12 1.09612 1.09626 1.09617 1.09575
12:40:22 1.09666 1.09680 1.09666 1.09621
12:41:10 1.09721 1.09737 1.09721 1.09672
12:42:57 1.09782 1.09796 1.09782 1.09731
12:44:01 1.09802 1.09816 1.09802 1.09753
12:46:29 1.09853 1.09867 1.09853 1.09804
12:48:19 1.09860 1.09874 1.09860 1.09817
12:50:52 1.09888 1.09902 1.09888 1.09833
12:51:51 1.09875 1.09890 1.09932 1.09884
12:52:25 1.09925 1.09939 1.09925 1.09883
12:53:04 1.09971 1.09985 1.09971 1.09927
12:53:52 1.09914 1.09929 1.09971 1.09925
12:55:49 1.09881 1.09896 1.09942 1.09896
12:57:15 1.09911 1.09925 1.09911 1.09868
12:59:60 1.09878 1.09894 1.09944 1.09894
13:02:18 1.09923 1.09940 1.09923 1.09871
13:04:01 1.09980 1.09995 1.09980 1.09930
13:05:05 1.09995 1.10009 1.10000 1.09956
13:06:25 1.10051 1.10066 1.10051 1.10000
13:07:22 1.10100 1.10115 1.10100 1.10055
13:08:01 1.10135 1.10149 1.10141 1.10099
13:09:32 1.10110 1.10124 1.10137 1.10095
13:13:24 1.10122 1.10136 1.10122 1.10079
13:14:43 1.10192 1.10208 1.10192 1.10135
13:15:58 1.10149 1.10164 1.10212 1.10164
13:16:27 1.10207 1.10221 1.10207 1.10163
13:17:11 1.10163 1.10178 1.10230 1.10178
13:18:24 1.10195 1.10209 1.10205 1.10163
13:20:48 1.10141 1.10155 1.10199 1.10155
13:22:45 1.10173 1.10189 1.10173 1.10125
13:23:58 1.10144 1.10159 1.10205 1.10158
13:26:42 1.10159 1.10173 1.10159 1.10115
13:30:03 1.10216 1.10230 1.10216 1.10173
13:32:10 1.10207 1.10221 1.10264 1.10221
13:36:31 1.10269 1.10285 1.10269 1.10214
13:41:04 1.10291 1.10305 1.10291 1.10246
13:43:08 1.10227 1.10242 1.10291 1.10242
13:51:40 1.10219 1.10233 1.10276 1.10233
13:56:10 1.10182 1.10197 1.10249 1.10197
13:59:09 1.10122 1.10136 1.10185 1.10136
14:00:23 1.10072 1.10086 1.10130 1.10086
14:02:04 1.10108 1.10122 1.10108 1.10065
14:04:22 1.10088 1.10102 1.10146 1.10102
14:07:26 1.10040 1.10054 1.10098 1.10054
14:10:21 1.10084 1.10100 1.10084 1.10032
14:12:48 1.10124 1.10139 1.10126 1.10080
14:18:18 1.10168 1.10183 1.10168 1.10119
14:19:55 1.10220 1.10235 1.10220 1.10172
14:27:03 1.10180 1.10196 1.10246 1.10196
14:29:36 1.10202 1.10216 1.10203 1.10159
14:30:50 1.10214 1.10228 1.10214 1.10167
14:35:11 1.10270 1.10284 1.10270 1.10228
14:45:55 1.10213 1.10228 1.10277 1.10228
14:48:19 1.10190 1.10204 1.10249 1.10204
14:50:38 1.10234 1.10250 1.10234 1.10184
14:57:37 1.10216 1.10230 1.10267 1.10222
15:02:53 1.10188 1.10202 1.10246 1.10202
15:05:53 1.10234 1.10248 1.10234 1.10192
15:09:35 1.10215 1.10231 1.10280 1.10231
15:10:18 1.10273 1.10288 1.10273 1.10226
15:10:48 1.10327 1.10342 1.10330 1.10285
15:11:59 1.10271 1.10285 1.10328 1.10283
15:13:16 1.10321 1.10335 1.10322 1.10278
15:20:12 1.10372 1.10386 1.10373 1.10326
15:22:26 1.10400 1.10414 1.10400 1.10356
15:34:41 1.10345 1.10359 1.10405 1.10359
15:41:33 1.10395 1.10410 1.10397 1.10352
15:53:56 1.10356 1.10370 1.10412 1.10369
16:07:14 1.10326 1.10341 1.10386 1.10340
16:20:33 1.10342 1.10358 1.10343 1.10295
16:28:32 1.10370 1.10386 1.10370 1.10320
16:37:42 1.10314 1.10329 1.10375 1.10329
16:50:22 1.10358 1.10372 1.10368 1.10326
17:08:37 1.10321 1.10336 1.10383 1.10336
17:24:00 1.10382 1.10397 1.10382 1.10336
17:30:11 1.10322 1.10337 1.10383 1.10337
17:57:05 1.10291 1.10306 1.10352 1.10306
18:01:58 1.10228 1.10244 1.10294 1.10244
18:19:26 1.10200 1.10214 1.10248 1.10203
18:39:38 1.10138 1.10153 1.10200 1.10153
18:48:30 1.10090 1.10104 1.10145 1.10101
18:52:10 1.10144 1.10158 1.10144 1.10098
18:55:47 1.10083 1.10098 1.10144 1.10098
19:39:19 1.10046 1.10062 1.10111 1.10062
20:49:60 1.10088 1.10102 1.10091 1.10045
