1.092640 3.477815e-4 1.281465e-4
1.092420 3.844675e-4 1.464517e-4
1.092220 5.676512e-4 1.465309e-4
1.091990 0.000000e+0 1.373557e-4
1.091960 1.098941e-4 1.465376e-4
1.091850 5.495260e-5 1.465255e-4
1.092045 2.747140e-5 1.648171e-4
1.092185 9.155958e-6 9.155497e-4
1.092265 -3.936774e-4 7.964444e-4
1.092170 -3.113068e-4 5.219278e-4
1.092280 -9.155162e-5 2.197219e-4
1.092465 1.189969e-4 1.739011e-4
1.092490 1.281476e-4 1.556142e-4
1.092350 3.661830e-5 1.373180e-4
1.092260 3.662132e-5 1.373381e-4
1.092110 2.380713e-4 1.556427e-4
1.092435 1.922311e-4 1.464893e-4
1.092080 5.310966e-4 1.190787e-4
1.091870 1.648548e-4 1.282110e-4
1.091970 3.479949e-4 1.373582e-4
1.091835 3.388790e-4 1.465483e-4
1.091530 4.947184e-4 1.191191e-4
1.091290 1.832693e-4 1.649303e-4
1.091360 4.214924e-4 1.465832e-4
1.091660 4.763388e-4 1.373733e-4
1.092135 3.204732e-4 1.190155e-4
1.092180 2.563680e-4 1.373507e-4
1.092110 1.281922e-4 1.281770e-4
1.092090 3.113297e-4 1.282239e-4
1.091755 8.243608e-5 1.373998e-4
1.091755 2.473082e-4 1.374186e-4
1.091440 1.282709e-4 1.374199e-4
1.091400 2.748763e-4 1.466061e-4
1.091785 7.052671e-4 1.190503e-4
1.092285 5.950828e-4 1.464290e-4
1.092495 6.498886e-4 1.646994e-4
1.092925 4.666377e-4 1.372175e-4
1.092650 9.152062e-4 1.373545e-4
1.092240 1.171904e-3 1.372677e-4
1.093685 1.563521e-3 1.187762e-4
1.094005 7.769617e-4 1.371134e-4
1.094115 7.951632e-4 1.371410e-4
1.093740 6.034341e-4 1.189023e-4
1.093645 6.309177e-4 1.280562e-4
1.093585 6.309523e-4 1.280386e-4
1.093025 6.129777e-4 1.372275e-4
1.092905 5.581455e-4 1.372891e-4
1.092780 8.052856e-4 1.189186e-4
1.093125 3.567753e-4 1.280855e-4
1.093205 3.201595e-4 1.189197e-4
1.093000 3.842635e-4 1.281101e-4
1.092795 3.019780e-4 1.281171e-4
1.092655 7.047055e-4 1.189490e-4
1.092785 6.497161e-4 1.189175e-4
1.093290 4.207484e-4 1.189262e-4
1.092455 1.217441e-3 1.282087e-4
1.091540 8.978141e-4 1.191420e-4
1.090970 4.949724e-4 1.191551e-4
1.091625 1.419902e-3 1.282885e-4
1.091505 6.138314e-4 1.282533e-4
1.091605 7.420266e-4 1.283050e-4
1.090975 5.408007e-4 1.192283e-4
1.090220 3.485535e-4 1.376229e-4
1.090120 8.806370e-4 1.283721e-4
1.090805 3.758692e-4 1.191496e-4
1.091335 4.123390e-4 1.191082e-4
1.091450 2.931880e-4 1.191245e-4
1.091495 2.473671e-4 1.282603e-4
1.091465 6.413399e-5 1.283085e-4
1.091355 3.023764e-4 1.191038e-4
1.091705 3.022795e-4 2.930322e-4
1.092120 -5.493902e-5 1.556527e-4
1.092085 6.409757e-5 1.556812e-4
1.091950 2.197903e-4 1.373821e-4
1.091735 2.289933e-4 1.556898e-4
1.091695 2.839621e-4 1.373947e-4
1.091700 2.748008e-4 1.557340e-4
1.091430 3.115179e-4 1.374300e-4
1.091435 2.840297e-4 1.465671e-4
1.091480 2.565324e-4 1.465913e-4
1.091410 1.832492e-4 1.190940e-4
1.091815 3.938396e-4 1.374048e-4
1.091555 8.245118e-5 1.191060e-4
1.091520 1.832307e-5 1.282580e-4
1.091525 8.245345e-5 1.465698e-4
1.091790 1.831854e-4 1.282298e-4
1.091680 1.465631e-4 1.282521e-4
1.091575 2.107047e-4 1.557383e-4
1.091380 2.382305e-4 1.282979e-4
1.091155 1.008106e-4 1.466410e-4
1.091075 7.607176e-4 1.283179e-4
1.091340 5.131306e-4 1.282451e-4
1.091205 7.056419e-4 1.191704e-4
1.091130 3.665924e-4 1.283015e-4
1.091320 3.848550e-4 1.099445e-4
1.091615 5.038406e-4 1.373960e-4
1.091465 8.337418e-4 1.190852e-4
1.092255 9.979355e-4 1.372602e-4
1.092970 6.587555e-4 1.281406e-4
1.092460 3.112242e-4 1.281723e-4
1.092210 8.423289e-4 1.282192e-4
1.092420 9.337068e-4 1.281113e-4
1.092455 6.132976e-4 1.373406e-4
1.091765 6.136852e-4 1.373834e-4
1.092105 5.951809e-4 1.281934e-4
1.092220 5.676512e-4 1.556955e-4
1.091960 2.930510e-4 1.190514e-4
1.091900 3.113838e-4 1.190460e-4
1.091975 1.739967e-4 1.373796e-4
1.092230 7.141353e-4 1.373167e-4
1.092130 5.127595e-4 1.465094e-4
1.091720 1.007584e-3 1.282803e-4
1.091510 1.154364e-3 1.190405e-4
1.092100 7.508470e-4 1.282486e-4
1.091935 6.135896e-4 1.007146e-4
1.091680 9.893009e-4 1.190514e-4
1.092420 1.098479e-3 1.190002e-4
1.092900 9.515967e-4 1.006032e-4
1.094640 2.155960e-3 1.277734e-4
1.095805 9.764511e-4 1.277909e-4
1.095070 1.205402e-3 1.004699e-4
1.095080 3.835336e-4 1.186862e-4
1.095265 5.569428e-4 1.187296e-4
1.095270 6.208515e-4 1.186732e-4
1.095805 9.399483e-4 1.185834e-4
1.096525 7.022184e-4 1.185153e-4
1.097055 4.831116e-4 1.276429e-4
1.097130 6.015695e-4 1.184699e-4
1.097340 3.462919e-4 1.184570e-4
1.097675 3.552964e-4 1.366462e-4
1.097960 5.100368e-4 1.274686e-4
1.098640 4.733125e-4 1.274024e-4
1.098680 4.550916e-4 1.183470e-4
1.098350 2.185096e-4 1.274477e-4
1.098705 3.185568e-4 1.183233e-4
1.098575 1.183351e-4 1.183480e-4
1.098570 2.002603e-4 1.183168e-4
1.098755 3.185424e-4 1.183007e-4
1.098955 1.182942e-4 1.274036e-4
1.098745 1.183168e-4 1.365182e-4
1.098690 -1.820350e-5 4.642166e-4
1.098605 -2.457662e-4 5.553052e-4
1.098500 -3.095130e-4 3.459294e-4
1.098625 9.102287e-6 1.547304e-4
1.098800 5.460502e-5 1.456240e-4
1.098865 1.183039e-4 1.273978e-4
1.098915 -2.729965e-5 1.364970e-4
1.099075 1.728726e-4 1.546615e-4
1.099195 6.368297e-5 1.364498e-4
1.099320 5.457919e-5 1.364523e-4
1.099350 1.819257e-5 1.273549e-4
1.099275 4.821360e-4 1.273225e-4
1.099900 5.273207e-4 1.364126e-4
1.099750 4.546488e-4 1.181791e-4
1.100145 3.363193e-4 1.272519e-4
1.100335 4.271426e-4 1.181705e-4
1.100460 5.452265e-4 1.272033e-4
1.100325 3.907936e-4 1.181544e-4
1.100620 8.722356e-4 1.363184e-4
1.100595 7.723095e-4 1.362565e-4
1.099955 1.518244e-3 1.364734e-4
1.099120 4.549094e-4 1.183017e-4
1.098870 6.188175e-4 1.183179e-4
1.099210 1.073498e-3 1.545686e-4
1.099110 1.819654e-3 1.183534e-4
1.098340 4.734417e-4 1.274825e-4
1.097540 1.184467e-3 1.184321e-4
1.097680 5.466074e-4 1.275185e-4
1.097975 7.012910e-4 1.183621e-4
1.098080 6.556899e-4 1.274558e-4
1.098295 9.742373e-4 1.275359e-4
1.097185 1.084594e-3 1.185002e-4
1.096380 1.222204e-3 1.277734e-4
1.096185 7.936617e-4 1.003709e-4
1.095655 6.480142e-4 1.186245e-4
1.096005 6.843034e-4 1.186516e-4
1.095260 6.025966e-4 1.095420e-4
1.095370 4.382081e-4 1.369357e-4
1.095400 3.834216e-4 1.186646e-4
1.095520 1.825617e-4 1.369394e-4
1.095245 3.013024e-4 1.369607e-4
1.095305 1.734677e-4 1.369507e-4
1.095485 3.377499e-4 1.277944e-4
1.095740 4.198076e-4 1.186115e-4
1.095710 4.745781e-4 1.277874e-4
1.095570 2.373194e-4 1.277874e-4
1.095500 5.659516e-4 1.186267e-4
1.095975 2.281074e-4 1.277594e-4
1.095700 1.825317e-4 1.186624e-4
1.095680 3.285631e-4 1.277804e-4
1.095675 2.099163e-4 1.551810e-4
1.095585 4.563772e-5 1.369082e-4
1.095480 1.460547e-4 1.551909e-4
1.095415 9.128960e-6 1.643160e-4
1.095520 -1.825617e-5 3.377006e-4
1.095695 -2.464189e-4 3.924557e-4
1.095640 -7.301668e-5 3.011815e-4
1.095590 -9.127502e-5 1.916854e-4
1.095435 2.738638e-5 1.825684e-4
1.095390 5.477501e-5 1.551952e-4
1.095355 -4.564730e-5 1.643310e-4
1.094595 1.653580e-3 1.280152e-4
1.093855 3.199693e-4 1.188436e-4
1.090005 7.275196e-3 1.197081e-4
1.085370 9.950524e-4 1.290537e-4
1.084925 7.465954e-4 1.474328e-4
1.085250 3.132919e-4 1.290275e-4
1.085520 7.553983e-4 1.197070e-4
1.086205 3.038101e-4 1.380904e-4
1.086425 4.510205e-4 1.380561e-4
1.086610 4.601467e-4 1.104444e-4
1.086865 5.428457e-4 1.196123e-4
1.087000 5.703772e-4 1.195980e-4
1.087225 8.002024e-4 1.195441e-4
1.087460 3.678296e-4 1.379025e-4
1.087945 5.974567e-4 1.286386e-4
1.088635 5.787064e-4 1.285559e-4
1.089170 6.059660e-4 1.101959e-4
1.088690 9.552765e-4 1.193827e-4
1.088850 3.122560e-4 1.285654e-4
1.089485 8.719716e-4 1.376330e-4
1.089600 4.588840e-4 1.468617e-4
1.089355 1.386141e-3 1.286020e-4
1.088985 1.533538e-3 1.285347e-4
1.089135 8.355254e-4 1.285536e-4
1.088805 1.092941e-3 1.286552e-4
1.088280 5.880839e-4 1.102414e-4
1.088295 3.767361e-4 1.286315e-4
1.088290 5.880785e-4 1.286268e-4
1.088825 6.337107e-4 1.285985e-4
1.088705 3.214829e-4 1.194342e-4
1.088610 4.776734e-4 1.194024e-4
1.088805 1.377657e-4 1.194057e-4
1.088795 2.112427e-4 1.286032e-4
1.088810 3.306362e-4 1.101928e-4
1.089205 2.846113e-4 1.193334e-4
1.089420 2.753759e-4 1.193115e-4
1.089490 1.101433e-4 1.376747e-4
1.089310 2.754037e-4 1.377063e-4
1.089260 3.672218e-5 1.377177e-4
1.089135 1.377240e-4 1.285536e-4
1.089030 2.020146e-4 1.285559e-4
1.089185 3.397035e-4 1.376936e-4
1.089205 2.111632e-4 1.193619e-4
1.088970 2.938557e-4 1.193860e-4
1.089070 3.489216e-4 1.377101e-4
1.089260 -1.836109e-5 1.468860e-4
1.089325 2.753999e-5 1.468725e-4
1.089420 -3.671679e-5 1.744007e-4
1.089725 3.762417e-4 5.595124e-4
1.090220 -3.302086e-4 4.953447e-4
1.090130 -3.669287e-4 3.944538e-4
1.090325 4.494073e-4 1.834172e-4
1.090475 9.170316e-6 1.834189e-4
1.090485 2.842772e-4 1.375446e-4
1.090565 8.252603e-5 1.742408e-4
1.090460 1.100453e-4 1.558811e-4
1.090490 9.170190e-5 1.375484e-4
1.090545 -9.169727e-6 1.375446e-4
1.090650 2.750653e-4 1.375560e-4
1.090185 3.944285e-4 1.283862e-4
1.090570 2.750855e-4 1.375144e-4
1.090735 2.475395e-4 1.283697e-4
1.090435 1.742424e-4 1.284038e-4
1.090455 3.576489e-4 1.191955e-4
1.090685 3.392364e-4 1.191693e-4
1.090675 4.492631e-4 1.192141e-4
1.090445 6.419398e-5 1.375648e-4
1.090555 1.925625e-4 1.375421e-4
1.090740 2.016979e-4 1.283415e-4
1.090680 2.200462e-4 1.467244e-4
1.090555 1.742232e-4 1.283603e-4
1.090755 1.375194e-4 1.375119e-4
1.090800 1.466813e-4 1.558682e-4
1.090600 3.667706e-5 1.375459e-4
1.090665 1.191933e-4 1.283521e-4
1.090560 3.484448e-4 1.558925e-4
1.090240 3.302025e-4 1.192557e-4
1.090185 1.009003e-4 1.284180e-4
1.090345 1.559140e-4 1.375535e-4
1.090645 1.742088e-4 1.283603e-4
1.090800 2.383572e-4 1.191638e-4
1.090775 3.025372e-4 1.466813e-4
1.090790 4.583834e-4 1.283297e-4
1.090570 5.501710e-4 1.192218e-4
1.090090 4.586777e-4 1.559597e-4
1.090300 4.952765e-4 1.284038e-4
1.090415 2.476121e-4 1.375787e-4
1.090315 8.529645e-4 1.375686e-4
1.090005 6.880702e-4 1.284580e-4
1.090140 6.971582e-4 1.467526e-4
1.089545 1.330831e-3 1.285312e-4
1.089165 4.315232e-4 1.285217e-4
1.089045 3.764766e-4 1.285772e-4
1.089060 3.672892e-4 1.469035e-4
1.089330 3.304784e-4 1.193246e-4
1.089485 3.212527e-4 1.376709e-4
1.089635 3.028537e-4 1.284651e-4
1.089860 3.119667e-4 1.193016e-4
1.089705 4.129558e-4 1.376380e-4
1.090225 8.346901e-4 1.192065e-4
1.090500 2.200825e-4 1.375497e-4
1.090545 1.558854e-4 1.100443e-4
1.090525 2.659270e-4 1.191944e-4
1.090550 2.934299e-4 1.283721e-4
1.090955 8.341316e-4 1.374350e-4
1.091430 5.314129e-4 1.282298e-4
1.091690 3.664044e-4 1.282298e-4
1.091825 2.106565e-4 1.190536e-4
1.091835 2.289723e-4 1.282192e-4
1.091695 3.755628e-4 1.190569e-4
1.091700 3.297609e-4 1.099072e-4
1.091755 3.755421e-4 1.374237e-4
1.091290 5.498080e-4 1.283215e-4
1.091050 3.299574e-4 1.191267e-4
1.091275 5.039976e-4 1.191606e-4
1.091030 2.749695e-4 1.283179e-4
1.090760 5.867469e-4 1.191988e-4
1.091010 1.228220e-3 1.190754e-4
1.091240 8.797331e-4 1.375144e-4
1.090785 1.375156e-4 1.191901e-4
1.090375 5.410982e-4 1.284251e-4
1.090205 2.660050e-4 1.100514e-4
1.090685 4.675961e-4 1.191791e-4
1.090785 1.558511e-4 1.191726e-4
1.091015 4.307915e-4 1.099757e-4
1.091215 6.414868e-5 1.374627e-4
1.091070 2.749594e-4 1.191671e-4
1.091040 1.283179e-4 1.283097e-4
1.091205 3.390747e-4 1.007838e-4
1.091360 1.832576e-4 1.282991e-4
1.091355 1.740955e-4 1.282697e-4
1.091185 4.857105e-4 1.191726e-4
1.090805 2.841938e-4 1.283697e-4
1.090625 4.584527e-5 1.192032e-4
1.090630 2.750704e-4 1.375510e-4
1.090545 9.169727e-6 3.850597e-4
1.090755 -2.108631e-4 4.766706e-4
1.090800 -9.167583e-5 5.592098e-4
1.090690 -1.833702e-4 2.475554e-4
1.090800 0.000000e+0 2.016924e-4
1.090770 -7.334268e-5 1.466813e-4
1.091005 2.291465e-4 1.649908e-4
1.091005 -4.582930e-5 1.649938e-4
1.091030 5.499390e-5 1.558025e-4
1.091030 9.165651e-5 1.466679e-4
1.090845 2.750162e-5 1.466760e-4
1.090920 1.833315e-5 1.283297e-4
1.090980 3.666428e-5 1.374892e-4
1.090860 2.016757e-4 1.375245e-4
1.090775 9.167794e-6 1.283473e-4
1.090950 2.016591e-4 1.374766e-4
1.090760 5.500752e-4 1.375661e-4
1.090440 2.934595e-4 1.375295e-4
1.090795 3.025316e-4 1.283191e-4
1.091065 2.657953e-4 1.282932e-4
1.092355 1.986534e-3 1.372288e-4
1.092550 8.969841e-4 1.190373e-4
1.092035 3.571314e-4 1.281910e-4
1.092140 1.098760e-4 1.281899e-4
1.092225 2.472018e-4 1.464893e-4
1.092150 2.563750e-4 1.190176e-4
1.092420 3.478516e-4 1.555858e-4
1.092615 1.738947e-4 1.464249e-4
1.092735 1.921783e-4 1.189588e-4
1.092710 1.098187e-4 1.464357e-4
1.092715 4.575759e-5 1.189665e-4
1.092740 1.281183e-4 1.281113e-4
1.092680 1.830362e-4 1.555815e-4
1.092640 0.000000e+0 1.281347e-4
1.092480 1.830697e-4 1.372853e-4
1.092590 9.152564e-5 1.189752e-4
1.092515 2.654426e-4 1.281629e-4
1.092295 2.105658e-4 1.373469e-4
1.092010 5.677604e-4 1.282380e-4
1.092110 6.043347e-4 1.281605e-4
1.092495 3.569810e-4 1.189719e-4
1.092820 4.392306e-4 1.372275e-4
1.092920 6.770852e-4 1.280726e-4
1.093455 8.505151e-4 1.280293e-4
1.093800 4.936917e-4 1.188338e-4
1.093600 8.046818e-4 1.280386e-4
1.093665 5.943319e-4 1.371046e-4
1.094060 4.752939e-4 1.370933e-4
1.093945 2.833780e-4 1.188446e-4
1.093880 2.376860e-4 1.188284e-4
1.093785 4.479857e-4 1.188631e-4
1.093900 3.108145e-4 1.280059e-4
1.093325 5.945167e-4 1.189392e-4
1.092950 4.757766e-4 1.006621e-4
1.093300 8.780756e-4 1.280199e-4
1.093850 6.399415e-4 1.279497e-4
1.094305 3.563906e-4 1.279135e-4
1.094255 4.477932e-4 1.370984e-4
1.094130 3.838666e-4 1.462349e-4
1.094490 5.847472e-4 1.278691e-4
1.095030 3.470225e-4 1.278644e-4
1.094995 3.196362e-4 1.278702e-4
1.094770 3.105675e-4 1.278948e-4
1.094495 2.649624e-4 1.370282e-4
1.094600 3.288873e-4 1.370407e-4
1.094735 5.206740e-4 1.278621e-4
1.095335 8.855738e-4 1.369144e-4
1.095390 1.424150e-3 1.185888e-4
1.096700 8.206437e-4 1.277163e-4
1.096380 7.661577e-4 1.367983e-4
1.096480 2.918430e-4 1.367796e-4
1.096970 5.469612e-4 1.184753e-4
1.097250 6.015038e-4 1.366562e-4
1.096975 1.121265e-3 1.185585e-4
1.096010 1.405097e-3 1.278212e-4
1.095150 1.534036e-3 1.094881e-4
1.095590 7.849652e-4 1.187112e-4
1.095430 7.668222e-4 1.186657e-4
1.095870 6.570122e-4 1.277431e-4
1.095990 2.919735e-4 1.277139e-4
1.096130 2.371981e-4 1.277349e-4
1.096285 3.922338e-4 1.185791e-4
1.096050 4.926783e-4 1.459934e-4
1.095885 1.186256e-4 1.186321e-4
1.095900 3.102473e-4 1.368744e-4
1.095735 3.011677e-4 1.368919e-4
1.095885 1.551258e-4 1.186094e-4
1.096000 1.277372e-4 1.186256e-4
1.095950 7.299603e-5 1.277314e-4
1.096060 9.123588e-5 1.186072e-4
1.096075 1.368519e-4 1.277302e-4
1.096225 1.915665e-4 1.277023e-4
1.096300 7.297273e-5 1.277116e-4
1.096240 3.648836e-5 1.368282e-4
1.096265 -4.560941e-5 1.368307e-4
1.096155 6.385958e-5 1.277314e-4
1.096070 3.649402e-5 1.459628e-4
1.096100 -1.824651e-5 1.459734e-4
1.095860 2.920081e-4 1.277804e-4
1.095595 6.389222e-5 1.551512e-4
1.095645 2.738113e-5 1.277769e-4
1.095675 8.214115e-5 1.551413e-4
1.095900 2.189981e-4 1.277500e-4
1.095995 1.368619e-4 1.551130e-4
1.095805 1.916399e-4 1.368994e-4
1.095505 2.282053e-4 1.460547e-4
1.095470 1.643130e-4 1.369257e-4
1.095295 4.656280e-4 1.278504e-4
1.095205 4.291434e-4 1.552462e-4
1.094970 2.739801e-4 1.278819e-4
1.094780 1.461481e-4 1.370307e-4
1.094670 3.654069e-5 1.187545e-4
1.094520 3.106385e-4 1.187990e-4
1.094445 2.832486e-4 1.461668e-4
1.094845 2.466103e-4 1.369819e-4
1.094940 1.278609e-4 1.369969e-4
1.095135 2.830701e-4 1.095590e-4
1.095295 1.552093e-4 1.187003e-4
1.095170 2.191441e-4 1.278504e-4
1.095125 4.565689e-5 1.278387e-4
1.095230 1.095660e-4 1.186971e-4
1.095255 4.565147e-5 1.278294e-4
1.095065 2.648245e-4 1.278679e-4
1.094845 1.918080e-4 1.187209e-4
1.094860 2.740076e-4 1.187350e-4
1.094875 2.100696e-4 1.278492e-4
1.094890 1.644001e-4 1.187209e-4
1.095190 2.191401e-4 1.278142e-4
1.095340 1.460734e-4 1.278212e-4
1.095275 1.552122e-4 1.460734e-4
1.095275 2.830339e-4 1.278434e-4
1.094790 5.845870e-4 1.370495e-4
1.094605 2.283929e-4 1.279205e-4
1.094250 3.289925e-4 1.279462e-4
1.093985 5.575945e-4 1.370695e-4
1.094695 5.206930e-4 1.278726e-4
1.095020 2.374386e-4 1.369657e-4
1.095075 4.291943e-4 1.278107e-4
1.095370 4.747254e-4 1.186917e-4
1.095150 3.469844e-4 1.460667e-4
1.095515 3.742532e-4 1.186830e-4
1.095045 7.579597e-4 1.278492e-4
1.095365 9.585846e-4 1.277477e-4
1.095705 5.202130e-4 1.278060e-4
1.095015 9.223618e-4 1.460627e-4
1.095640 3.650834e-4 1.186483e-4
1.095255 6.665115e-4 1.278714e-4
1.095095 3.196070e-4 1.187188e-4
1.094855 5.571514e-4 1.278924e-4
1.095095 9.040312e-4 1.277897e-4
1.095705 5.019599e-4 1.186321e-4
1.095935 4.106083e-4 1.277710e-4
1.095645 1.551597e-4 1.277862e-4
1.095635 4.654835e-4 1.186646e-4
1.095125 6.665906e-4 1.278819e-4
1.095065 5.387808e-4 1.004470e-4
1.095125 1.552334e-4 1.278539e-4
1.094550 8.039834e-4 1.096632e-4
1.094125 5.026848e-4 1.279474e-4
1.093700 9.509006e-4 1.280515e-4
1.093325 7.408593e-4 1.280925e-4
1.093080 3.476415e-4 1.280562e-4
1.092965 5.215172e-4 1.280714e-4
1.092975 4.483177e-4 1.097615e-4
1.092870 7.869188e-4 1.372778e-4
1.093035 5.946745e-4 1.371886e-4
1.093790 1.060533e-3 1.189207e-4
1.093360 1.591425e-3 1.187979e-4
1.093700 1.225199e-3 1.280831e-4
1.092400 1.519590e-3 1.281359e-4
1.092220 1.190236e-3 1.373960e-4
1.091715 3.205965e-4 1.282157e-4
1.091090 1.576405e-3 1.283991e-4
1.090520 1.393830e-3 1.191289e-4
1.091250 6.964490e-4 1.191256e-4
1.091450 3.664850e-4 1.191223e-4
1.091095 3.391089e-4 1.191737e-4
1.090715 1.558611e-4 1.283685e-4
1.090515 4.309890e-4 1.100110e-4
1.091015 3.024706e-4 1.191300e-4
1.091545 4.489050e-4 1.374186e-4
1.091320 3.665286e-4 1.191365e-4
1.091210 2.382676e-4 1.283109e-4
1.091245 3.390623e-4 1.282674e-4
1.091515 3.573015e-4 1.190787e-4
1.091615 6.412517e-5 1.374136e-4
1.091470 1.465913e-4 1.190918e-4
1.091590 9.160949e-5 1.190874e-4
1.091710 3.114380e-4 1.282145e-4
1.092035 1.373582e-4 1.098811e-4
1.092155 8.240589e-5 1.190340e-4
1.092100 0.000000e+0 1.190362e-4
1.092225 1.922681e-4 1.373419e-4
1.092065 3.204937e-4 1.098941e-4
1.091940 0.000000e+0 1.190482e-4
1.091870 1.465376e-4 1.465591e-4
1.091800 5.495512e-5 1.190776e-4
1.091580 1.648986e-4 1.282556e-4
1.091550 1.465806e-4 1.465658e-4
1.091585 2.748297e-5 1.282545e-4
1.091425 2.473830e-4 1.557911e-4
1.091225 -2.749204e-5 1.557839e-4
1.091240 7.331110e-5 1.374514e-4
1.091285 -8.247158e-5 5.680725e-4
1.091410 -2.565489e-4 6.778978e-4
1.091495 -4.306021e-4 5.038960e-4
1.091395 -2.840402e-4 4.489708e-4
1.091380 -2.932068e-4 3.481798e-4
1.091480 -1.099425e-4 1.924037e-4
1.091490 -5.497073e-5 1.557568e-4
1.091485 -6.413281e-5 1.374262e-4
1.091445 -4.581083e-5 1.465926e-4
1.091450 -1.832425e-5 1.282639e-4
1.091475 2.748574e-5 1.282568e-4
1.091610 -3.664312e-5 1.465725e-4
1.090770 1.521861e-3 1.468078e-4
1.089815 8.258282e-5 1.376380e-4
1.089720 9.176669e-5 1.468442e-4
1.090560 1.815581e-3 1.282498e-4
1.091475 5.222291e-4 1.374489e-4
1.091440 5.680569e-4 1.190743e-4
1.091670 5.496166e-4 1.282780e-4
1.091405 1.740875e-4 1.282885e-4
1.091380 3.115322e-4 1.191125e-4
1.091495 2.473671e-4 1.191158e-4
1.091500 2.748511e-4 1.282498e-4
1.091545 1.923879e-4 1.374363e-4
1.091680 3.480874e-4 1.465376e-4
1.091900 1.282169e-4 1.282239e-4
1.092235 5.951100e-4 1.373306e-4
1.092510 3.661294e-4 1.189708e-4
1.092405 4.851680e-4 1.373482e-4
1.092380 5.309508e-4 1.281347e-4
1.092690 1.098207e-4 1.372702e-4
1.092910 2.012975e-4 1.463834e-4
1.093245 3.384420e-4 1.188849e-4
1.093495 1.920448e-4 1.188859e-4
1.093685 4.297398e-4 1.279743e-4
1.093765 2.468538e-4 1.279977e-4
1.093765 5.577066e-4 1.280164e-4
1.093660 3.291699e-4 2.194807e-4
1.091590 3.371229e-3 1.558396e-4
1.090220 1.155730e-3 1.376545e-4
1.088240 2.572962e-3 1.195738e-4
1.087610 1.544671e-3 1.195694e-4
1.087510 5.885003e-4 1.287534e-4
1.087115 6.347075e-4 1.287712e-4
1.086655 1.021483e-3 1.380485e-4
1.086585 6.534233e-4 1.196035e-4
1.087395 7.632921e-4 1.287333e-4
1.088190 1.268161e-3 1.377632e-4
1.088960 6.611813e-4 1.285973e-4
1.088565 5.236251e-4 1.286256e-4
1.088515 1.038112e-3 1.377923e-4
1.089110 8.814537e-4 1.284970e-4
1.089000 8.264463e-4 1.377860e-4
1.088605 3.766288e-4 1.194222e-4
1.088330 6.983176e-4 1.378493e-4
1.088155 2.113669e-4 1.378366e-4
1.088235 5.237839e-4 1.286777e-4
1.088175 2.297425e-4 1.194869e-4
1.087860 1.286930e-4 1.286836e-4
1.087815 1.930475e-4 1.287049e-4
1.087600 3.310040e-4 1.195562e-4
1.087255 4.690712e-4 1.380027e-4
1.087090 2.759661e-4 1.287783e-4
1.087145 3.771346e-4 1.287972e-4
1.087125 4.323330e-4 1.195617e-4
1.087365 1.563412e-4 1.287534e-4
1.087295 2.759141e-5 1.287593e-4
1.087215 1.011759e-4 1.011815e-4
1.087060 1.103895e-4 1.287794e-4
1.087095 1.747777e-4 1.287830e-4
1.087130 1.103824e-4 1.195727e-4
1.087065 1.563844e-4 1.195936e-4
1.086790 2.944451e-4 1.196123e-4
1.086815 1.564204e-4 1.196079e-4
1.086855 -9.200859e-6 1.104139e-4
1.086890 2.944180e-4 1.287866e-4
1.087080 1.287854e-4 1.195936e-4
1.086865 1.564132e-4 1.380116e-4
1.086895 1.196068e-4 1.380053e-4
1.086850 5.520541e-5 1.288055e-4
1.086705 2.668618e-4 1.380446e-4
1.086620 9.202849e-5 1.288304e-4
1.086560 2.024739e-4 1.288529e-4
1.086520 1.840739e-5 8.927791e-4
1.086610 -3.128998e-4 5.061544e-4
1.086640 -2.392697e-4 3.313117e-4
1.086585 -1.748598e-4 2.024664e-4
1.086605 -1.564506e-4 2.024664e-4
1.086535 -8.283212e-5 3.129372e-4
1.086405 9.204670e-6 1.472754e-4
1.086440 1.840875e-4 1.380434e-4
1.086640 -5.521608e-5 1.472415e-4
1.086600 -5.521811e-5 1.472510e-4
1.086590 0.000000e+0 1.656498e-4
1.086545 -9.203484e-6 1.472605e-4
1.086620 5.521710e-5 1.472551e-4
1.086610 -1.840587e-5 1.472442e-4
1.086865 3.220271e-4 1.195837e-4
1.086970 1.287984e-4 1.195991e-4
1.085430 2.727030e-3 1.476192e-4
1.083845 4.336413e-4 1.291537e-4
1.083995 2.490786e-4 1.291465e-4
1.083995 5.627332e-4 1.199024e-4
1.084240 3.320298e-4 1.475715e-4
1.084090 2.398325e-4 1.199024e-4
1.084470 3.504016e-4 1.383273e-4
1.084490 3.688370e-4 1.290798e-4
1.084760 2.212471e-4 1.198626e-4
1.084520 2.397374e-4 1.198803e-4
1.084355 1.014428e-4 1.198803e-4
1.084280 1.475634e-4 1.383426e-4
1.084410 2.950913e-4 1.383017e-4
1.084700 2.765742e-4 1.198262e-4
1.085125 5.437162e-4 1.289835e-4
1.085190 3.317391e-4 1.198151e-4
1.085200 2.948765e-4 1.013689e-4
1.085105 1.566669e-4 1.474437e-4
1.085325 2.487734e-4 1.382011e-4
1.085460 2.763805e-4 1.289574e-4
1.085600 4.789978e-4 1.197147e-4
1.086600 1.141174e-3 1.379862e-4
1.087100 4.599393e-4 1.379494e-4
1.087925 1.424731e-3 1.469683e-4
1.088895 6.887716e-4 1.377607e-4
1.089235 5.967491e-4 1.376747e-4
1.089730 6.607141e-4 1.192666e-4
1.090375 6.878368e-4 1.283462e-4
1.090660 4.584380e-4 1.192086e-4
1.090430 6.419486e-4 1.192589e-4
1.090525 1.458013e-3 1.191660e-4
1.091280 5.681402e-4 1.191049e-4
1.091875 8.517459e-4 1.099082e-4
1.092255 9.063818e-4 1.281242e-4
1.092840 5.124263e-4 1.281465e-4
1.092145 1.199474e-3 1.282368e-4
1.092105 7.783134e-4 1.282451e-4
1.091265 5.956390e-4 1.099868e-4
1.091270 9.896726e-4 1.099243e-4
1.091465 5.772059e-4 1.282380e-4
1.091405 6.505376e-4 1.191256e-4
1.091350 2.932148e-4 1.283085e-4
1.091460 4.947502e-4 1.282650e-4
1.091565 6.137976e-4 1.190525e-4
1.091795 7.052606e-4 1.191005e-4
1.091505 1.923949e-4 1.374300e-4
1.091535 3.206494e-4 1.282509e-4
1.091615 3.389473e-4 1.282709e-4
1.091390 2.199031e-4 1.191191e-4
1.091675 6.686972e-4 1.190384e-4
1.092010 1.098891e-4 1.190351e-4
1.092125 2.105986e-4 1.190438e-4
1.091785 3.572132e-4 1.099364e-4
1.091320 4.031815e-4 1.283132e-4
1.091110 1.099797e-4 1.283015e-4
1.091335 3.573605e-4 1.190972e-4
1.091335 3.573605e-4 1.190962e-4
1.091335 3.573605e-4 1.190972e-4
1.091335 3.573605e-4 1.007746e-4
1.091335 3.573605e-4 1.190972e-4
1.091335 3.573605e-4 1.190972e-4
1.091335 3.573605e-4 1.190962e-4
1.091335 3.573605e-4 1.190972e-4
1.091335 3.573605e-4 1.190983e-4
1.091335 3.573605e-4 1.190972e-4
1.091335 3.573605e-4 1.190983e-4
1.091335 3.573605e-4 1.190972e-4
1.091335 3.573605e-4 1.282650e-4
1.091385 8.246403e-5 1.191202e-4
1.091375 6.413927e-5 1.282780e-4
1.091375 8.246478e-5 1.282850e-4
1.091270 7.330908e-5 1.282944e-4
1.091190 1.832861e-4 1.191420e-4
1.091195 6.414985e-5 1.283038e-4
1.091325 1.741003e-4 1.191191e-4
1.091275 2.749078e-5 1.466208e-4
1.091345 8.246705e-5 1.282932e-4
1.091125 2.107916e-4 1.099747e-4
1.091170 1.466316e-4 1.374791e-4
1.091020 -1.833147e-5 1.466571e-4
1.090935 -9.166449e-6 1.466652e-4
1.090915 -2.749985e-5 1.558368e-4
1.090870 -3.666798e-5 1.466665e-4
1.090980 5.499643e-5 2.108090e-4
1.091050 -7.332386e-5 5.406867e-4
1.091245 -3.573900e-4 5.406718e-4
1.091145 -1.924584e-4 5.224349e-4
1.091040 -4.399472e-4 4.491148e-4
1.091010 -4.032960e-4 5.499844e-4
1.090970 3.666462e-5 2.107993e-4
1.091045 9.165525e-6 1.833013e-4
1.091205 6.414927e-5 2.290898e-4
1.091200 -9.164223e-5 2.566100e-4
1.091060 9.165399e-5 1.741609e-4
1.090960 -1.099949e-4 1.741593e-4
1.090945 -6.416455e-5 2.108245e-4
1.090900 -5.500046e-5 2.108206e-4
1.090930 -1.099979e-4 1.833315e-4
1.090860 -5.500248e-5 1.925219e-4
1.090770 -5.500701e-5 1.925201e-4
1.090910 7.333327e-5 1.650135e-4
1.090710 9.168340e-5 1.375396e-4
1.090755 1.558553e-4 1.466692e-4
1.090825 1.558453e-4 1.375245e-4
1.090675 1.191922e-4 1.466867e-4
1.090675 4.584317e-5 1.283579e-4
1.090515 2.475894e-4 1.559140e-4
1.090235 1.926190e-4 1.284286e-4
1.090305 2.476371e-4 1.375573e-4
1.090450 3.668210e-4 1.191933e-4
1.090565 1.375434e-4 1.192108e-4
1.091055 9.807022e-4 1.465752e-4
1.091500 3.664682e-4 1.374526e-4
1.091005 4.307955e-4 1.191868e-4
1.090875 2.108399e-4 1.375056e-4
1.090895 1.741689e-4 1.374867e-4
1.090865 2.108419e-4 1.283391e-4
1.090805 8.250787e-5 1.466948e-4
1.090805 1.558482e-4 1.558496e-4
1.090850 9.167163e-5 1.191769e-4
1.090735 2.750439e-5 1.467002e-4
1.090770 5.500701e-5 1.375043e-4
1.090825 -9.167373e-6 1.375194e-4
1.090845 2.750162e-5 1.375144e-4
1.090815 2.750237e-5 1.466692e-4
1.091070 1.833063e-4 1.282991e-4
1.091260 9.163719e-5 1.191234e-4
1.091345 2.748902e-5 1.282838e-4
1.091395 -9.162585e-6 1.191103e-4
1.091465 1.557540e-4 1.282509e-4
1.091555 6.412870e-5 1.191060e-4
1.091465 -9.161998e-6 1.557440e-4
1.091570 1.099334e-4 1.648774e-4
1.091685 1.374023e-4 1.190962e-4
1.091620 1.832139e-5 1.190896e-4
1.091590 9.160949e-5 1.374287e-4
1.091615 2.106970e-4 1.282368e-4
1.091680 1.465631e-4 1.282533e-4
1.091370 3.115350e-4 1.282968e-4
1.090765 7.059266e-4 1.283709e-4
1.090115 8.347743e-4 1.376570e-4
1.089325 6.334198e-4 1.377265e-4
1.089080 3.121901e-4 1.377012e-4
1.089095 2.846400e-4 1.469400e-4
1.088985 1.744744e-4 1.193706e-4
1.089230 3.121471e-4 1.468671e-4
1.088890 8.448971e-4 1.194452e-4
1.088510 4.409698e-4 1.470250e-4
1.088235 3.400001e-4 1.286694e-4
1.088115 2.297551e-4 1.378619e-4
1.088070 3.860046e-4 1.378746e-4
1.087600 7.171754e-4 1.195694e-4
1.087315 3.770756e-4 1.195540e-4
1.087665 4.137303e-4 1.195111e-4
1.088220 7.167668e-4 1.194584e-4
1.088410 2.388806e-4 1.378087e-4
1.088670 2.388235e-4 1.193926e-4
1.088655 3.398689e-4 1.285701e-4
1.088640 3.858025e-4 1.194310e-4
1.088740 4.408766e-4 1.193739e-4
1.088960 2.203938e-4 1.193849e-4
1.088930 1.101999e-4 1.285784e-4
1.088865 1.561259e-4 1.285902e-4
1.088455 4.685541e-4 1.286611e-4
1.087975 5.422919e-4 1.378252e-4
1.088760 6.613028e-4 1.377354e-4
1.088990 4.040441e-4 1.377784e-4
1.088450 4.226193e-4 1.194145e-4
1.088650 2.204565e-4 1.286209e-4
1.088660 2.571969e-4 1.285819e-4
1.089025 3.764836e-4 1.377025e-4
1.089335 3.763764e-4 1.469089e-4
1.089200 5.508630e-4 1.469467e-4
1.089435 1.129026e-3 1.284486e-4
1.090175 4.494691e-4 1.467513e-4
1.090010 4.770598e-4 1.559984e-4
1.089590 3.303995e-4 1.284698e-4
1.089650 2.936723e-4 1.285087e-4
1.089605 5.414806e-4 1.284616e-4
1.089955 3.211142e-4 1.100958e-4
1.089875 2.110334e-4 1.192852e-4
1.089645 3.395601e-4 1.376279e-4
1.090060 3.852999e-4 1.192710e-4
1.090155 5.778995e-4 1.008716e-4
1.090625 2.292264e-4 1.283485e-4
1.090820 1.833483e-4 1.100019e-4
1.090855 3.941862e-4 1.375346e-4
1.090705 3.575669e-4 1.283450e-4
1.091010 4.216277e-4 1.374577e-4
1.091375 1.374413e-4 1.191005e-4
1.091225 7.422850e-4 1.283344e-4
1.091385 1.072032e-3 1.557383e-4
1.091410 4.581230e-4 1.374640e-4
1.092265 1.913455e-3 1.464880e-4
1.091815 1.254791e-3 1.374715e-4
1.091260 5.131683e-4 1.283003e-4
1.091030 3.482947e-4 1.283262e-4
1.090845 3.208522e-4 1.283344e-4
1.090710 6.051104e-4 1.192316e-4
1.090560 3.851232e-4 1.100292e-4
1.090460 3.851586e-4 1.191857e-4
1.090885 6.875152e-4 1.191256e-4
1.091175 2.107820e-4 1.283097e-4
1.090950 8.249691e-4 1.191802e-4
1.091255 8.522298e-4 1.190711e-4
1.091995 4.304049e-4 1.282075e-4
1.091995 4.487200e-4 1.282380e-4
1.091805 3.938432e-4 1.098861e-4
1.091925 2.655860e-4 1.190667e-4
1.091605 2.839855e-4 1.282768e-4
1.091690 4.580055e-4 1.190754e-4
1.091595 1.740572e-4 1.190820e-4
1.091625 4.580327e-5 1.282486e-4
1.091745 2.839491e-4 1.282545e-4
1.091395 2.840402e-4 1.374489e-4
1.091330 3.665252e-5 1.191191e-4
1.091425 1.191103e-4 1.374186e-4
1.091450 9.162124e-5 1.191202e-4
1.091290 -1.832693e-5 1.466222e-4
1.091190 1.832861e-5 1.283085e-4
1.090980 1.283250e-4 1.191595e-4
1.091025 8.249124e-5 1.099777e-4
1.091195 2.749279e-5 1.191376e-4
1.091205 -9.164181e-6 1.191278e-4
1.091165 6.415162e-5 1.191442e-4
1.091075 2.749582e-5 1.283238e-4
1.091075 2.749582e-5 1.283062e-4
1.091090 7.332117e-5 1.191475e-4
1.091130 -1.832962e-5 1.283062e-4
1.091135 -4.582384e-5 1.191420e-4
1.091085 -9.165189e-6 1.283168e-4
1.091105 -2.749506e-5 1.374715e-4
1.091155 -8.248141e-5 1.374678e-4
1.091075 2.749582e-5 1.191573e-4
1.090985 2.749809e-5 1.283238e-4
1.091090 9.165147e-5 1.466289e-4
1.091170 -3.665790e-5 1.283038e-4
1.091165 -8.248065e-5 1.283015e-4
1.091255 9.163761e-6 1.557725e-4
1.091350 -7.330371e-5 1.466047e-4
1.091400 -9.162544e-5 1.466047e-4
1.091400 -9.162544e-5 7.056225e-4
1.091175 -5.590304e-4 6.323343e-4
1.091240 -3.665555e-4 3.848797e-4
1.091270 -2.749091e-4 3.482117e-4
1.091260 -2.565841e-4 3.115579e-4
1.091335 -2.290772e-4 3.298546e-4
1.091315 -1.741019e-4 6.048553e-4
1.091355 -4.581461e-5 1.924161e-4
1.091410 -3.664984e-5 1.649167e-4
1.091490 -5.497073e-5 1.557511e-4
1.091405 9.162502e-6 1.466088e-4
1.091315 -8.246931e-5 1.557782e-4
1.091315 -8.246931e-5 1.466088e-4
1.091375 -4.581377e-5 1.466114e-4
1.091300 -3.665353e-5 1.649318e-4
1.091420 0.000000e+0 1.374287e-4
1.091420 0.000000e+0 1.282780e-4
1.091395 -6.413810e-5 1.465967e-4
1.091350 0.000000e+0 1.466182e-4
1.091310 -7.330639e-5 1.466114e-4
1.091290 -7.330774e-5 1.374539e-4
1.091165 1.191387e-4 1.466423e-4
1.091200 1.649560e-4 1.374753e-4
1.091130 -1.832962e-5 1.649666e-4
1.091055 4.582720e-5 1.374854e-4
1.091055 -2.749632e-5 1.649772e-4
1.091140 1.466356e-4 1.466249e-4
1.091135 1.924601e-4 1.466585e-4
1.090975 4.583056e-5 1.283144e-4
1.091010 1.833164e-5 1.283238e-4
1.091210 3.665656e-4 1.374274e-4
1.091510 1.099394e-4 1.557425e-4
1.091290 3.482117e-4 1.558153e-4
1.091075 1.191485e-4 1.466504e-4
1.090960 1.283273e-4 1.466639e-4
1.090995 8.249350e-5 1.374778e-4
1.091000 1.099908e-4 1.558396e-4
1.090730 1.100181e-4 1.467015e-4
1.090610 3.667672e-5 1.192086e-4
1.090410 1.283921e-4 1.467499e-4
1.090315 -2.751498e-5 1.192349e-4
1.090295 -6.420281e-5 1.375762e-4
1.090425 1.375610e-4 1.283779e-4
1.090505 9.170063e-6 1.283897e-4
1.090480 -3.668109e-5 1.283862e-4
1.090525 6.418927e-5 1.192075e-4
1.090590 -1.833870e-5 1.375358e-4
1.090680 1.466975e-4 1.466786e-4
1.090815 6.417220e-5 1.375232e-4
1.090740 -7.334470e-5 1.375232e-4
1.090580 1.650498e-4 1.283791e-4
1.090470 -3.668143e-5 1.375547e-4
1.090415 9.170820e-6 1.283885e-4
1.090460 3.668177e-5 1.375522e-4
1.090380 1.283956e-4 1.375812e-4
1.090335 -9.171493e-6 1.559154e-4
1.090370 -1.834240e-5 1.559097e-4
1.090240 1.834458e-4 1.192568e-4
1.090095 2.752054e-5 1.192557e-4
1.089950 1.651452e-4 1.468092e-4
1.089840 1.835132e-5 1.468173e-4
1.089630 2.753228e-4 1.376848e-4
1.089580 1.468456e-4 1.376481e-4
1.089715 9.176711e-6 1.284710e-4
1.089850 7.340460e-5 1.192896e-4
1.089695 2.477758e-4 1.560213e-4
1.089730 2.018849e-4 1.284616e-4
1.090015 2.477030e-4 1.284309e-4
1.090245 2.476508e-4 1.467701e-4
1.090505 5.410337e-4 1.375068e-4
1.090955 2.108245e-4 1.191485e-4
1.091080 2.566265e-4 1.466303e-4
1.091085 3.574424e-4 1.282815e-4
1.091260 2.932390e-4 1.283121e-4
1.091130 3.665924e-4 1.374703e-4
1.091020 2.199776e-4 1.374879e-4
1.091020 1.099888e-4 1.191682e-4
1.090840 1.833449e-5 1.283321e-4
1.090660 3.484129e-4 1.192218e-4
1.090025 6.146648e-4 1.375749e-4
1.090175 5.778889e-4 1.376418e-4
1.090130 4.953538e-4 1.284097e-4
1.090030 4.220067e-4 1.284639e-4
1.090055 3.761278e-4 1.376027e-4
1.090020 1.467863e-4 1.467796e-4
1.089905 5.413316e-4 1.284144e-4
1.089820 6.056046e-4 1.193202e-4
1.089680 2.753102e-4 1.376305e-4
1.089555 5.047932e-4 1.377012e-4
1.089530 2.753481e-4 1.193038e-4
1.089715 3.945986e-4 1.284451e-4
1.090065 8.256388e-5 1.192535e-4
1.090135 1.926367e-4 1.467648e-4
1.090080 2.018200e-4 1.468025e-4
1.090080 2.752092e-4 1.284239e-4
1.089945 3.211171e-4 1.192546e-4
1.089965 1.743175e-4 1.192863e-4
1.089705 1.743591e-4 1.376557e-4
1.089850 2.202138e-4 1.284427e-4
1.090010 1.467876e-4 1.467863e-4
1.090045 8.256540e-5 1.192589e-4
1.090090 3.669422e-5 1.284333e-4
1.090200 2.017978e-4 1.284038e-4
1.090205 2.109695e-4 1.284345e-4
1.089830 3.670297e-4 1.376557e-4
1.089655 1.193038e-4 1.101160e-4
1.089400 6.425555e-4 1.193728e-4
1.089165 1.928083e-4 1.101595e-4
1.089430 2.386569e-4 1.376671e-4
1.089665 1.193027e-4 1.193016e-4
1.089890 3.119581e-4 1.284262e-4
1.090115 6.421341e-5 1.284203e-4
1.089930 3.119466e-4 1.192983e-4
1.089545 1.743847e-4 1.285029e-4
1.089740 3.854130e-4 1.100948e-4
1.089815 1.743415e-4 1.193038e-4
1.089780 2.018756e-4 1.192808e-4
1.089775 1.009383e-4 1.468227e-4
1.089825 6.423050e-5 1.376305e-4
1.089945 1.009225e-4 1.192765e-4
1.089970 1.467930e-4 1.284380e-4
1.089880 3.303116e-4 1.376380e-4
1.089725 1.009429e-4 1.101089e-4
1.089900 1.284522e-4 1.376204e-4
1.089935 6.422401e-5 1.376229e-4
1.089970 3.669826e-5 1.192611e-4
1.089915 1.926756e-4 1.192852e-4
1.089770 5.505749e-5 1.468254e-4
1.089885 1.376292e-4 1.284415e-4
1.090015 1.192644e-4 1.284286e-4
1.090090 1.651240e-4 1.192436e-4
1.090230 1.467580e-4 1.283956e-4
1.090540 1.650558e-4 1.283685e-4
1.090370 5.869567e-4 1.284415e-4
1.089965 1.009207e-4 1.192666e-4
1.090060 3.669523e-5 1.284239e-4
1.090055 2.660416e-4 1.284203e-4
1.090090 2.018182e-4 1.284498e-4
1.089985 1.743143e-4 1.376014e-4
1.089770 4.955174e-4 1.468671e-4
1.089385 1.376924e-4 1.193487e-4
1.089380 1.285135e-4 1.468523e-4
1.089475 -2.753620e-5 1.468523e-4
1.089515 -6.424877e-5 1.193159e-4
1.089505 -2.753544e-5 1.376709e-4
1.089435 8.261163e-5 1.468564e-4
1.089505 -2.753544e-5 1.193257e-4
1.089505 -2.753544e-5 1.284922e-4
1.089550 0.000000e+0 1.285017e-4
1.089430 1.835822e-5 1.285158e-4
1.089205 1.560771e-4 1.377354e-4
1.089090 -5.509187e-5 1.285453e-4
1.089080 -3.672825e-5 1.285548e-4
1.088820 2.571591e-4 1.377872e-4
1.088555 8.267841e-5 1.194277e-4
1.088625 6.430130e-5 1.377860e-4
1.088630 -5.511514e-5 1.286067e-4
1.088530 0.000000e+0 1.286055e-4
1.088350 3.307759e-4 1.378518e-4
1.088180 1.837931e-5 1.194573e-4
1.088410 1.653789e-4 1.194255e-4
1.088315 3.032210e-4 1.194727e-4
1.088150 1.286587e-4 1.194562e-4
1.088310 -1.837712e-5 1.378214e-4
1.088340 -7.350644e-5 1.653956e-4
1.088235 -4.594596e-5 1.562177e-4
1.088225 -6.432493e-5 1.470264e-4
1.088020 2.573482e-4 1.378911e-4
1.087820 1.103124e-4 1.746685e-4
1.087805 -4.596412e-5 8.454017e-4
1.088030 -3.676369e-5 1.378708e-4
1.087975 -9.191388e-6 1.470521e-4
1.088065 -6.433439e-5 1.194771e-4
1.088060 -5.514402e-5 1.194815e-4
1.088075 -2.757163e-5 1.378531e-4
1.088100 0.000000e+0 1.470548e-4
1.088010 -5.514655e-5 1.470548e-4
1.088055 -4.595356e-5 1.470440e-4
1.088135 -6.433025e-5 1.194683e-4
1.088105 -2.757087e-5 1.194738e-4
1.088200 7.351590e-5 1.378315e-4
1.088265 -4.594469e-5 1.470264e-4
1.088230 -5.513540e-5 1.286481e-4
1.088245 -2.756732e-5 1.378328e-4
1.088405 1.745674e-4 1.378138e-4
1.088455 8.268601e-5 1.286256e-4
1.088460 1.837458e-5 1.378100e-4
1.088550 1.837307e-4 1.194123e-4
1.088715 1.010365e-4 1.193959e-4
1.088905 2.112214e-4 1.377290e-4
1.088980 7.346324e-5 1.193882e-4
1.088905 9.183538e-6 1.469481e-4
1.088700 9.185267e-5 1.377834e-4
1.088520 2.204829e-4 1.378265e-4
1.088280 1.286434e-4 1.470413e-4
1.088285 1.929642e-4 1.470021e-4
1.088410 5.512629e-5 1.286197e-4
1.088445 -2.756226e-5 1.470034e-4
1.088360 5.512882e-5 1.562120e-4
1.088065 3.216720e-4 1.286942e-4
1.087750 7.354631e-5 1.378949e-4
1.087700 7.354969e-5 1.563067e-4
1.087715 4.596792e-5 1.471089e-4
1.087600 5.516734e-5 1.195188e-4
1.087645 8.274759e-5 1.287285e-4
1.087560 -3.677958e-5 1.287285e-4
1.087630 0.000000e+0 1.287226e-4
1.087615 -4.597215e-5 1.471102e-4
1.087620 -5.516633e-5 1.287226e-4
1.087690 3.677518e-5 1.378962e-4
1.087815 -2.757822e-5 1.195067e-4
1.087790 1.838590e-5 1.195166e-4
1.087790 1.838590e-5 1.286966e-4
1.087760 2.206369e-4 1.287273e-4
1.087640 5.516531e-5 1.287096e-4
1.087795 2.757873e-5 1.286918e-4
1.087865 -8.273085e-5 1.286918e-4
1.087825 9.192655e-6 1.195034e-4
1.087785 -9.192993e-6 1.287060e-4
1.087685 9.193838e-6 1.379139e-4
1.087680 -3.677552e-5 1.287096e-4
1.087695 -9.193754e-6 1.287179e-4
1.087620 -1.838878e-5 1.195254e-4
1.087640 0.000000e+0 1.287273e-4
1.087585 -2.758405e-5 1.379126e-4
1.087625 -9.194345e-6 1.379139e-4
1.087625 -8.274911e-5 1.195265e-4
1.087575 -2.758430e-5 1.379203e-4
1.087205 5.610717e-4 1.379951e-4
1.086890 7.360450e-5 1.564103e-4
1.086910 0.000000e+0 1.379989e-4
1.087070 9.199040e-5 1.379761e-4
1.087395 3.586553e-4 1.379139e-4
1.087635 -2.758278e-5 1.287226e-4
1.087755 1.378987e-4 1.194968e-4
1.088010 1.654397e-4 1.470480e-4
1.088185 3.032573e-4 1.378480e-4
1.088165 3.951607e-4 1.286859e-4
1.087875 1.011146e-4 1.194990e-4
1.087865 2.298079e-4 1.471034e-4
1.087635 2.666336e-4 1.287309e-4
1.087390 2.942826e-4 1.287392e-4
1.087710 3.125833e-4 1.287214e-4
1.088055 6.893034e-4 1.378100e-4
1.088680 2.755631e-4 1.377872e-4
1.088490 1.469926e-4 1.378214e-4
1.088655 6.154383e-4 1.377429e-4
1.089400 9.546539e-4 1.376406e-4
1.090285 8.163003e-4 1.283768e-4
1.090335 4.310602e-4 1.192589e-4
1.089955 2.293673e-4 1.468025e-4
1.089925 3.578228e-4 1.284463e-4
1.089670 5.322712e-4 1.285099e-4
1.089135 5.233511e-4 1.285512e-4
1.088940 5.142616e-4 1.010384e-4
1.088165 9.465476e-4 1.287250e-4
1.087160 8.278450e-4 1.471427e-4
1.087590 2.390607e-4 1.471116e-4
1.087980 6.985423e-4 1.286812e-4
1.087975 3.033158e-4 1.286576e-4
1.088380 8.269171e-4 1.285961e-4
1.088850 7.347201e-4 1.285241e-4
1.089230 2.203391e-4 1.377000e-4
1.089175 2.662566e-4 1.285607e-4
1.088915 2.846871e-4 1.469062e-4
1.088850 6.796161e-4 1.377847e-4
1.088110 9.006442e-4 1.379012e-4
1.088445 1.166802e-3 1.469332e-4
1.088915 2.295863e-4 1.194002e-4
1.088995 2.846661e-4 1.285512e-4
1.089275 2.845930e-4 1.193367e-4
1.089275 3.396755e-4 1.560671e-4
1.089280 4.222973e-4 1.376797e-4
1.089285 2.295083e-4 1.377075e-4
1.089060 2.754669e-4 1.377607e-4
1.088790 2.939042e-4 1.285926e-4
1.088700 9.185267e-5 1.285985e-4
1.088535 1.929198e-4 1.470007e-4
1.088605 1.929074e-4 1.194299e-4
1.088350 2.205173e-4 1.378277e-4
1.088100 2.573293e-4 1.378733e-4
1.087875 1.011146e-4 1.195100e-4
1.087940 2.022170e-4 1.378556e-4
1.087975 1.746364e-4 1.194847e-4
1.088070 1.654305e-4 1.194694e-4
1.088020 2.389662e-4 1.286741e-4
1.087990 1.102951e-4 1.378581e-4
1.087860 4.596180e-4 1.195276e-4
1.087815 3.401314e-4 1.378581e-4
1.088075 1.746203e-4 1.194771e-4
1.088075 1.746203e-4 1.286859e-4
1.087815 3.217459e-4 1.379076e-4
1.087760 2.206369e-4 1.287037e-4
1.087890 3.125316e-4 1.194760e-4
1.088355 4.318444e-4 1.377974e-4
1.088665 3.031236e-4 1.285772e-4
1.088940 4.224292e-4 1.193564e-4
1.089250 3.121414e-4 1.009661e-4
1.089705 3.211878e-4 1.284639e-4
1.089785 6.698569e-4 1.285111e-4
1.089525 3.579542e-4 1.284663e-4
1.089515 3.579574e-4 1.376797e-4
1.089735 3.578852e-4 1.193126e-4
1.089760 2.569373e-4 1.100988e-4
1.089840 4.404316e-4 1.376633e-4
1.089645 3.212055e-4 1.284922e-4
1.089565 5.047886e-4 1.285135e-4
1.088990 6.427975e-4 1.194112e-4
1.088965 5.050667e-4 1.377872e-4
1.089050 7.345852e-4 1.377505e-4
1.088965 1.928437e-4 1.377594e-4
1.088575 5.052477e-4 1.193915e-4
1.088795 3.949320e-4 1.286162e-4
1.088275 6.707863e-4 1.286918e-4
1.088040 2.757252e-4 1.286552e-4
1.087695 9.837317e-4 1.287830e-4
1.087145 2.851506e-4 1.196013e-4
1.086900 2.208115e-4 1.195980e-4
1.087220 3.863064e-4 1.011564e-4
1.087145 4.691187e-4 1.195848e-4
1.087180 2.575470e-4 1.287498e-4
1.087485 3.034525e-4 1.287191e-4
1.087540 1.287309e-4 1.195408e-4
1.087460 1.839148e-4 1.195265e-4
1.087350 4.598335e-4 1.195881e-4
1.086825 3.956479e-4 1.288434e-4
1.086610 1.104352e-4 1.564492e-4
1.086750 2.760524e-4 1.380421e-4
1.086405 3.589821e-4 1.288873e-4
1.086290 1.472903e-4 1.104698e-4
1.086210 1.104759e-4 1.196960e-4
1.086295 2.853737e-4 1.196541e-4
1.086350 1.104616e-4 1.288778e-4
1.086370 1.104596e-4 1.288790e-4
1.086360 9.205052e-5 1.196530e-4
1.086310 2.393424e-4 1.381031e-4
1.086065 1.565284e-4 1.289087e-4
1.086070 1.841502e-4 1.196794e-4
1.086170 5.523997e-5 1.288850e-4
1.086230 0.000000e+0 1.380891e-4
1.086295 6.443922e-5 1.196839e-4
1.086070 1.104901e-4 1.104972e-4
1.085975 -2.762495e-5 1.105044e-4
1.085905 9.208909e-6 1.197147e-4
1.085945 2.762571e-5 1.197136e-4
1.086030 2.025727e-4 1.657520e-4
1.086260 4.050596e-4 1.381107e-4
