16:27:31 1.10490 1.10506 1.10539 1.10506
16:47:37 1.10461 1.10476 1.10508 1.10476
16:49:48 1.10414 1.10429 1.10461 1.10429
17:00:59 1.10392 1.10406 1.10431 1.10401
17:17:06 1.10363 1.10378 1.10409 1.10378
17:36:25 1.10392 1.10406 1.10392 1.10363
18:04:10 1.10366 1.10380 1.10412 1.10380
18:22:11 1.10355 1.10370 1.10404 1.10370
18:30:14 1.10395 1.10410 1.10396 1.10366
18:45:33 1.10417 1.10431 1.10417 1.10388
19:01:22 1.10460 1.10475 1.10460 1.10428
19:14:31 1.10471 1.10486 1.10472 1.10441
19:53:07 1.10506 1.10520 1.10506 1.10477
21:25:22 1.10549 1.10563 1.10549 1.10520
22:11:20 1.10518 1.10534 1.10567 1.10534
22:50:29 1.10529 1.10544 1.10529 1.10499
23:36:14 1.10485 1.10499 1.10529 1.10499
00:03:55 1.10525 1.10539 1.10525 1.10496
00:08:09 1.10478 1.10493 1.10525 1.10493
00:20:04 1.10451 1.10465 1.10495 1.10465
00:39:01 1.10474 1.10488 1.10476 1.10448
01:09:40 1.10432 1.10446 1.10475 1.10446
01:17:27 1.10409 1.10424 1.10459 1.10424
01:31:18 1.10440 1.10454 1.10440 1.10410
01:42:01 1.10409 1.10424 1.10456 1.10424
01:54:02 1.10380 1.10395 1.10426 1.10394
02:23:48 1.10415 1.10430 1.10416 1.10386
02:53:03 1.10451 1.10465 1.10451 1.10423
03:35:01 1.10480 1.10494 1.10480 1.10452
04:22:48 1.10515 1.10529 1.10515 1.10486
04:50:57 1.10478 1.10492 1.10525 1.10492
05:20:09 1.10504 1.10519 1.10505 1.10473
05:35:26 1.10536 1.10551 1.10536 1.10504
05:41:01 1.10579 1.10593 1.10579 1.10551
05:56:38 1.10605 1.10620 1.10605 1.10573
06:00:50 1.10576 1.10591 1.10623 1.10591
06:07:55 1.10609 1.10624 1.10609 1.10576
06:15:06 1.10637 1.10651 1.10637 1.10607
06:23:29 1.10671 1.10685 1.10677 1.10648
06:32:12 1.10661 1.10675 1.10704 1.10675
06:42:20 1.10630 1.10644 1.10676 1.10644
06:51:42 1.10650 1.10664 1.10660 1.10632
07:00:07 1.10607 1.10621 1.10651 1.10621
07:01:26 1.10646 1.10661 1.10646 1.10613
07:05:05 1.10659 1.10674 1.10660 1.10630
07:08:37 1.10687 1.10701 1.10687 1.10658
07:09:51 1.10640 1.10656 1.10689 1.10656
07:13:02 1.10609 1.10623 1.10655 1.10623
07:17:08 1.10589 1.10604 1.10634 1.10603
07:27:21 1.10609 1.10624 1.10609 1.10578
07:33:24 1.10644 1.10661 1.10644 1.10610
07:45:43 1.10670 1.10686 1.10670 1.10638
07:46:52 1.10716 1.10730 1.10716 1.10686
07:53:43 1.10698 1.10712 1.10742 1.10712
08:04:59 1.10668 1.10682 1.10712 1.10682
08:24:38 1.10712 1.10726 1.10712 1.10679
08:31:09 1.10672 1.10687 1.10714 1.10682
08:39:18 1.10705 1.10720 1.10705 1.10673
08:41:22 1.10751 1.10765 1.10751 1.10717
08:42:53 1.10725 1.10739 1.10768 1.10739
08:49:39 1.10707 1.10721 1.10751 1.10721
08:52:43 1.10749 1.10763 1.10749 1.10721
09:03:16 1.10724 1.10739 1.10768 1.10736
09:05:06 1.10766 1.10780 1.10766 1.10738
09:10:39 1.10716 1.10733 1.10768 1.10733
09:27:28 1.10752 1.10766 1.10752 1.10723
09:34:26 1.10718 1.10734 1.10769 1.10734
09:40:21 1.10700 1.10714 1.10744 1.10714
09:52:58 1.10727 1.10741 1.10727 1.10696
09:58:14 1.10758 1.10772 1.10765 1.10737
10:28:37 1.10769 1.10783 1.10769 1.10741
10:30:19 1.10809 1.10824 1.10809 1.10777
10:38:47 1.10798 1.10812 1.10840 1.10811
10:48:51 1.10825 1.10841 1.10825 1.10791
10:59:10 1.10813 1.10827 1.10856 1.10827
11:10:18 1.10783 1.10797 1.10817 1.10788
11:12:51 1.10822 1.10836 1.10822 1.10793
11:18:07 1.10786 1.10800 1.10832 1.10800
11:21:35 1.10745 1.10759 1.10786 1.10757
11:31:13 1.10702 1.10716 1.10745 1.10716
11:38:23 1.10745 1.10759 1.10745 1.10716
11:41:46 1.10700 1.10715 1.10748 1.10715
11:46:42 1.10664 1.10679 1.10710 1.10679
11:50:43 1.10612 1.10627 1.10664 1.10627
12:06:10 1.10585 1.10599 1.10628 1.10599
12:23:23 1.10566 1.10581 1.10614 1.10581
12:26:15 1.10612 1.10627 1.10612 1.10581
12:32:24 1.10641 1.10657 1.10641 1.10605
12:46:24 1.10661 1.10675 1.10663 1.10635
12:56:07 1.10654 1.10669 1.10700 1.10669
13:00:01 1.10683 1.10697 1.10683 1.10655
13:04:41 1.10641 1.10655 1.10685 1.10655
13:21:53 1.10668 1.10682 1.10668 1.10640
13:27:03 1.10650 1.10664 1.10693 1.10664
13:28:39 1.10693 1.10707 1.10693 1.10664
13:32:40 1.10706 1.10721 1.10706 1.10673
13:33:51 1.10680 1.10694 1.10725 1.10694
13:36:11 1.10701 1.10715 1.10704 1.10675
13:39:05 1.10651 1.10666 1.10701 1.10666
13:42:02 1.10673 1.10687 1.10677 1.10649
13:44:52 1.10641 1.10656 1.10687 1.10656
13:47:13 1.10607 1.10621 1.10651 1.10621
13:50:18 1.10569 1.10583 1.10612 1.10583
13:52:31 1.10617 1.10631 1.10617 1.10583
13:59:52 1.10650 1.10664 1.10650 1.10621
14:00:08 1.10600 1.10615 1.10653 1.10615
14:00:17 1.10648 1.10662 1.10648 1.10613
14:00:33 1.10609 1.10624 1.10650 1.10618
14:01:05 1.10653 1.10668 1.10653 1.10619
14:03:18 1.10636 1.10650 1.10656 1.10628
14:05:20 1.10678 1.10694 1.10678 1.10646
14:06:12 1.10646 1.10660 1.10689 1.10658
14:07:38 1.10609 1.10623 1.10653 1.10623
14:09:26 1.10636 1.10650 1.10648 1.10619
14:11:52 1.10659 1.10674 1.10659 1.10629
14:14:12 1.10629 1.10644 1.10675 1.10644
14:21:35 1.10599 1.10613 1.10640 1.10610
14:26:45 1.10619 1.10635 1.10619 1.10585
14:30:47 1.10654 1.10668 1.10654 1.10623
14:32:08 1.10620 1.10634 1.10668 1.10634
14:36:37 1.10659 1.10676 1.10659 1.10624
14:41:04 1.10699 1.10714 1.10699 1.10668
14:50:14 1.10660 1.10675 1.10707 1.10675
14:56:33 1.10646 1.10660 1.10687 1.10658
15:03:49 1.10660 1.10674 1.10660 1.10630
15:06:10 1.10623 1.10637 1.10665 1.10635
15:10:54 1.10653 1.10668 1.10654 1.10624
15:15:04 1.10695 1.10710 1.10695 1.10664
15:16:15 1.10737 1.10751 1.10737 1.10709
15:21:39 1.10724 1.10738 1.10760 1.10731
15:37:38 1.10746 1.10761 1.10746 1.10714
15:53:32 1.10786 1.10800 1.10786 1.10755
16:03:40 1.10761 1.10775 1.10790 1.10760
16:18:23 1.10803 1.10817 1.10803 1.10775
16:25:30 1.10773 1.10787 1.10816 1.10787
16:31:51 1.10731 1.10745 1.10773 1.10744
16:47:36 1.10688 1.10703 1.10734 1.10703
17:01:58 1.10673 1.10688 1.10715 1.10684
17:13:52 1.10630 1.10645 1.10677 1.10645
17:57:58 1.10615 1.10629 1.10659 1.10629
18:00:12 1.10643 1.10664 1.10643 1.10583
18:00:13 1.10732 1.10761 1.10732 1.10664
18:00:19 1.10693 1.10711 1.10742 1.10695
18:00:26 1.10762 1.10789 1.10762 1.10708
18:00:38 1.10701 1.10721 1.10762 1.10721
18:00:52 1.10711 1.10725 1.10711 1.10676
18:01:00 1.10772 1.10794 1.10772 1.10725
18:01:07 1.10731 1.10745 1.10772 1.10739
18:01:14 1.10675 1.10694 1.10744 1.10694
18:01:30 1.10620 1.10634 1.10675 1.10634
18:01:36 1.10671 1.10690 1.10673 1.10634
18:01:53 1.10718 1.10734 1.10718 1.10681
18:02:06 1.10759 1.10773 1.10759 1.10725
18:02:15 1.10726 1.10743 1.10779 1.10743
18:02:38 1.10685 1.10700 1.10739 1.10700
18:03:51 1.10682 1.10698 1.10731 1.10698
18:04:34 1.10700 1.10715 1.10704 1.10674
18:05:04 1.10720 1.10735 1.10720 1.10686
18:05:25 1.10758 1.10773 1.10764 1.10733
18:05:47 1.10709 1.10725 1.10758 1.10725
18:07:07 1.10722 1.10736 1.10722 1.10685
18:08:52 1.10738 1.10756 1.10738 1.10697
18:09:46 1.10690 1.10704 1.10738 1.10704
18:10:15 1.10720 1.10734 1.10720 1.10692
18:10:60 1.10705 1.10719 1.10748 1.10719
18:12:15 1.10731 1.10745 1.10731 1.10703
18:14:40 1.10700 1.10715 1.10748 1.10715
18:16:37 1.10670 1.10685 1.10710 1.10679
18:21:47 1.10675 1.10689 1.10695 1.10666
18:23:05 1.10630 1.10646 1.10679 1.10646
18:26:52 1.10596 1.10612 1.10651 1.10612
18:31:10 1.10560 1.10576 1.10633 1.10576
18:31:41 1.10605 1.10619 1.10605 1.10576
18:31:50 1.10651 1.10666 1.10651 1.10616
18:32:21 1.10657 1.10671 1.10657 1.10627
18:33:23 1.10619 1.10634 1.10671 1.10634
18:33:44 1.10634 1.10648 1.10634 1.10601
18:35:03 1.10650 1.10666 1.10650 1.10617
18:35:08 1.10687 1.10702 1.10687 1.10657
18:35:40 1.10718 1.10736 1.10718 1.10679
18:35:51 1.10767 1.10782 1.10767 1.10727
18:36:07 1.10792 1.10808 1.10792 1.10760
18:36:19 1.10763 1.10778 1.10809 1.10778
18:36:36 1.10735 1.10750 1.10782 1.10750
18:36:53 1.10705 1.10720 1.10751 1.10720
18:37:22 1.10743 1.10761 1.10743 1.10705
18:37:43 1.10768 1.10783 1.10777 1.10747
18:38:39 1.10717 1.10734 1.10769 1.10734
18:38:44 1.10750 1.10766 1.10750 1.10713
18:39:03 1.10764 1.10781 1.10764 1.10728
18:39:13 1.10713 1.10731 1.10768 1.10731
18:39:20 1.10759 1.10773 1.10759 1.10731
18:39:25 1.10789 1.10805 1.10789 1.10756
18:39:30 1.10829 1.10844 1.10829 1.10797
18:39:43 1.10875 1.10890 1.10875 1.10843
18:39:55 1.10907 1.10921 1.10907 1.10878
18:40:07 1.10864 1.10879 1.10914 1.10879
18:40:18 1.10912 1.10928 1.10912 1.10879
18:40:58 1.10885 1.10902 1.10938 1.10902
18:41:20 1.10928 1.10942 1.10928 1.10894
18:41:54 1.10959 1.10975 1.10962 1.10929
18:42:31 1.10972 1.10986 1.10993 1.10963
18:43:44 1.10962 1.10976 1.11000 1.10970
18:44:18 1.10984 1.11002 1.10986 1.10950
18:44:46 1.10971 1.10987 1.11023 1.10987
18:45:39 1.10939 1.10955 1.10988 1.10955
18:45:48 1.10881 1.10897 1.10939 1.10897
18:46:01 1.10908 1.10926 1.10908 1.10867
18:46:15 1.10942 1.10956 1.10942 1.10913
18:46:37 1.10917 1.10933 1.10956 1.10923
18:47:21 1.10897 1.10912 1.10922 1.10890
18:47:38 1.10865 1.10879 1.10918 1.10879
18:48:28 1.10842 1.10858 1.10892 1.10858
18:49:27 1.10874 1.10889 1.10878 1.10847
18:50:01 1.10843 1.10857 1.10892 1.10857
18:51:12 1.10873 1.10889 1.10873 1.10839
18:52:04 1.10903 1.10918 1.10903 1.10873
18:52:22 1.10948 1.10962 1.10948 1.10916
18:53:08 1.10900 1.10915 1.10948 1.10915
18:54:04 1.10938 1.10955 1.10938 1.10904
18:55:59 1.10951 1.10969 1.10951 1.10913
18:56:29 1.10983 1.10999 1.10986 1.10953
18:58:14 1.11017 1.11031 1.11017 1.10984
18:59:47 1.11042 1.11056 1.11042 1.11012
19:00:30 1.11056 1.11073 1.11056 1.11020
19:01:05 1.11017 1.11031 1.11061 1.11031
19:01:31 1.10983 1.10997 1.11027 1.10997
19:01:41 1.10939 1.10955 1.10985 1.10951
19:02:03 1.10976 1.10990 1.10983 1.10955
19:03:07 1.10951 1.10966 1.10995 1.10963
19:03:27 1.10966 1.10980 1.10968 1.10940
19:04:57 1.10932 1.10947 1.10978 1.10947
19:05:44 1.10898 1.10914 1.10948 1.10914
19:06:16 1.10856 1.10872 1.10906 1.10872
19:08:01 1.10851 1.10866 1.10897 1.10866
19:08:21 1.10818 1.10834 1.10871 1.10834
19:08:44 1.10857 1.10871 1.10862 1.10833
19:09:15 1.10826 1.10840 1.10868 1.10839
19:10:46 1.10859 1.10873 1.10859 1.10829
19:18:20 1.10840 1.10857 1.10892 1.10857
19:18:43 1.10791 1.10807 1.10842 1.10807
19:19:48 1.10828 1.10843 1.10828 1.10793
19:20:04 1.10864 1.10878 1.10864 1.10834
19:20:26 1.10826 1.10840 1.10873 1.10840
19:25:18 1.10854 1.10868 1.10868 1.10840
19:33:03 1.10896 1.10911 1.10896 1.10861
19:42:49 1.10924 1.10939 1.10939 1.10909
19:48:07 1.10965 1.10979 1.10965 1.10936
20:06:42 1.10920 1.10936 1.10969 1.10936
20:16:43 1.10881 1.10895 1.10924 1.10895
22:08:25 1.10865 1.10879 1.10885 1.10856
22:58:57 1.10843 1.10857 1.10883 1.10854
23:35:09 1.10790 1.10806 1.10843 1.10806
00:04:29 1.10817 1.10835 1.10817 1.10781
00:33:24 1.10802 1.10816 1.10846 1.10816
00:46:55 1.10846 1.10861 1.10846 1.10816
01:00:41 1.10871 1.10886 1.10873 1.10841
01:22:51 1.10914 1.10929 1.10914 1.10884
01:30:22 1.10934 1.10948 1.10949 1.10921
01:42:17 1.10972 1.10988 1.10972 1.10939
01:49:22 1.10953 1.10967 1.10996 1.10967
01:58:05 1.10992 1.11006 1.10992 1.10964
02:01:48 1.11026 1.11042 1.11026 1.10994
02:09:20 1.11070 1.11086 1.11070 1.11037
02:12:54 1.11111 1.11125 1.11111 1.11076
02:13:46 1.11161 1.11175 1.11161 1.11125
02:15:37 1.11124 1.11140 1.11173 1.11140
02:24:36 1.11081 1.11095 1.11124 1.11095
02:29:09 1.11037 1.11051 1.11081 1.11051
02:37:00 1.11066 1.11080 1.11066 1.11037
02:51:11 1.11036 1.11050 1.11080 1.11050
02:56:51 1.11007 1.11021 1.11040 1.11010
03:11:28 1.11024 1.11038 1.11024 1.10994
03:46:13 1.11010 1.11025 1.11055 1.11024
03:58:22 1.10984 1.10999 1.11031 1.10999
04:18:21 1.11026 1.11040 1.11026 1.10998
04:52:22 1.11060 1.11076 1.11060 1.11028
04:56:47 1.11026 1.11040 1.11072 1.11040
04:57:33 1.10986 1.11000 1.11026 1.10997
05:03:00 1.10952 1.10966 1.10986 1.10956
05:20:32 1.10978 1.10992 1.10978 1.10950
05:26:14 1.10929 1.10944 1.10978 1.10944
05:38:52 1.10945 1.10959 1.10945 1.10915
05:47:20 1.10981 1.10995 1.10981 1.10952
05:52:20 1.10943 1.10958 1.10989 1.10957
05:57:16 1.10901 1.10915 1.10945 1.10915
06:06:04 1.10923 1.10940 1.10923 1.10889
06:18:07 1.10958 1.10973 1.10958 1.10922
06:23:43 1.10934 1.10948 1.10977 1.10948
06:31:27 1.10959 1.10975 1.10959 1.10926
06:33:14 1.10911 1.10926 1.10959 1.10926
06:35:50 1.10935 1.10949 1.10935 1.10905
06:43:38 1.10945 1.10959 1.10945 1.10917
06:56:48 1.10958 1.10972 1.10961 1.10933
06:58:23 1.10989 1.11003 1.10989 1.10958
07:00:50 1.11015 1.11029 1.11015 1.10986
07:01:52 1.11038 1.11053 1.11038 1.11008
07:10:34 1.11010 1.11024 1.11055 1.11024
07:11:50 1.11049 1.11063 1.11049 1.11021
07:16:16 1.11087 1.11101 1.11087 1.11057
07:19:40 1.11055 1.11069 1.11097 1.11068
07:20:49 1.11099 1.11114 1.11099 1.11068
07:22:52 1.11144 1.11158 1.11144 1.11113
07:27:22 1.11124 1.11139 1.11169 1.11137
07:28:50 1.11169 1.11183 1.11169 1.11139
07:32:11 1.11203 1.11217 1.11203 1.11171
07:35:23 1.11172 1.11186 1.11215 1.11186
07:39:16 1.11217 1.11231 1.11217 1.11186
07:41:47 1.11251 1.11265 1.11251 1.11221
07:42:39 1.11293 1.11307 1.11293 1.11265
07:49:59 1.11309 1.11324 1.11309 1.11277
07:57:04 1.11335 1.11349 1.11335 1.11305
07:58:22 1.11295 1.11309 1.11335 1.11306
08:00:36 1.11248 1.11263 1.11295 1.11263
08:06:50 1.11247 1.11261 1.11288 1.11258
08:12:13 1.11281 1.11295 1.11283 1.11252
08:15:42 1.11264 1.11278 1.11308 1.11278
08:27:46 1.11303 1.11317 1.11303 1.11275
08:31:09 1.11285 1.11299 1.11328 1.11299
08:33:28 1.11322 1.11337 1.11322 1.11292
08:42:50 1.11355 1.11369 1.11355 1.11322
08:56:57 1.11385 1.11400 1.11385 1.11354
09:01:27 1.11410 1.11425 1.11410 1.11377
09:09:07 1.11386 1.11401 1.11433 1.11401
09:23:55 1.11359 1.11373 1.11402 1.11373
09:26:53 1.11338 1.11352 1.11359 1.11331
09:33:54 1.11290 1.11305 1.11338 1.11305
09:53:54 1.11309 1.11324 1.11309 1.11276
09:56:59 1.11356 1.11371 1.11356 1.11324
09:59:33 1.11395 1.11410 1.11395 1.11362
10:00:18 1.11431 1.11446 1.11431 1.11399
10:02:05 1.11407 1.11421 1.11446 1.11416
10:05:43 1.11443 1.11457 1.11443 1.11408
10:17:58 1.11485 1.11500 1.11485 1.11453
10:27:52 1.11444 1.11459 1.11490 1.11458
10:40:30 1.11433 1.11449 1.11484 1.11449
10:49:33 1.11393 1.11409 1.11442 1.11409
10:57:39 1.11355 1.11371 1.11407 1.11371
11:04:21 1.11327 1.11341 1.11370 1.11341
11:13:32 1.11354 1.11369 1.11354 1.11321
11:33:45 1.11373 1.11387 1.11373 1.11342
11:36:05 1.11328 1.11342 1.11373 1.11342
11:38:17 1.11372 1.11387 1.11372 1.11342
11:49:07 1.11362 1.11376 1.11405 1.11376
12:00:00 1.11380 1.11394 1.11380 1.11349
12:00:45 1.11342 1.11356 1.11385 1.11356
12:02:14 1.11297 1.11311 1.11342 1.11311
12:06:29 1.11281 1.11295 1.11324 1.11295
12:09:20 1.11238 1.11252 1.11281 1.11252
12:14:07 1.11272 1.11286 1.11272 1.11241
12:15:10 1.11221 1.11245 1.11307 1.11245
12:15:29 1.11276 1.11291 1.11276 1.11233
12:15:49 1.11210 1.11231 1.11276 1.11231
12:15:56 1.11155 1.11173 1.11210 1.11168
12:16:02 1.11197 1.11214 1.11205 1.11171
12:16:06 1.11209 1.11224 1.11211 1.11181
12:16:15 1.11186 1.11200 1.11213 1.11184
12:16:52 1.11130 1.11149 1.11188 1.11149
12:17:01 1.11082 1.11099 1.11135 1.11099
12:17:20 1.11110 1.11126 1.11110 1.11075
12:17:36 1.11064 1.11078 1.11115 1.11078
12:18:33 1.11080 1.11095 1.11080 1.11045
12:18:36 1.11125 1.11140 1.11125 1.11095
12:18:58 1.11085 1.11102 1.11137 1.11102
12:19:06 1.11057 1.11071 1.11103 1.11071
12:20:29 1.11028 1.11045 1.11082 1.11045
12:21:04 1.10998 1.11013 1.11044 1.11013
12:21:36 1.11018 1.11033 1.11018 1.10987
12:22:40 1.11046 1.11060 1.11046 1.11018
12:25:04 1.11032 1.11047 1.11079 1.11047
12:26:53 1.10979 1.10994 1.11032 1.10994
12:27:36 1.10924 1.10939 1.10979 1.10939
12:28:15 1.10968 1.10982 1.10968 1.10939
12:30:03 1.10894 1.10918 1.10968 1.10918
12:30:07 1.10871 1.10888 1.10928 1.10888
12:30:09 1.10824 1.10838 1.10871 1.10838
12:30:13 1.10783 1.10797 1.10827 1.10797
12:30:24 1.10783 1.10798 1.10804 1.10774
12:30:35 1.10829 1.10845 1.10829 1.10794
12:30:57 1.10851 1.10869 1.10851 1.10815
12:31:02 1.10807 1.10826 1.10865 1.10826
12:31:18 1.10829 1.10845 1.10829 1.10792
12:32:09 1.10786 1.10800 1.10838 1.10800
12:32:16 1.10737 1.10753 1.10786 1.10753
12:32:52 1.10702 1.10716 1.10749 1.10716
12:33:12 1.10741 1.10756 1.10741 1.10711
12:33:32 1.10758 1.10772 1.10758 1.10726
12:33:49 1.10802 1.10819 1.10802 1.10766
12:34:37 1.10789 1.10803 1.10826 1.10797
12:35:05 1.10751 1.10766 1.10798 1.10766
12:35:42 1.10718 1.10732 1.10761 1.10732
12:36:08 1.10763 1.10777 1.10763 1.10732
12:36:52 1.10805 1.10819 1.10805 1.10777
12:38:00 1.10775 1.10789 1.10819 1.10789
12:38:25 1.10816 1.10833 1.10816 1.10782
12:40:48 1.10849 1.10863 1.10849 1.10821
12:41:37 1.10804 1.10820 1.10860 1.10820
12:41:49 1.10751 1.10767 1.10804 1.10767
12:42:08 1.10773 1.10787 1.10788 1.10759
12:42:49 1.10794 1.10809 1.10794 1.10760
12:43:14 1.10765 1.10780 1.10797 1.10766
12:43:45 1.10795 1.10809 1.10795 1.10765
12:44:30 1.10781 1.10797 1.10828 1.10795
12:45:24 1.10762 1.10778 1.10812 1.10778
12:46:17 1.10789 1.10805 1.10789 1.10757
12:46:48 1.10763 1.10781 1.10818 1.10781
12:47:13 1.10725 1.10739 1.10769 1.10739
12:47:28 1.10771 1.10787 1.10771 1.10739
12:48:38 1.10797 1.10813 1.10797 1.10765
12:49:05 1.10773 1.10789 1.10822 1.10789
12:49:22 1.10722 1.10740 1.10777 1.10740
12:49:29 1.10676 1.10692 1.10727 1.10692
12:50:08 1.10642 1.10659 1.10700 1.10659
12:50:41 1.10619 1.10634 1.10667 1.10634
12:51:25 1.10567 1.10583 1.10627 1.10583
12:51:40 1.10578 1.10592 1.10578 1.10542
12:51:42 1.10548 1.10563 1.10599 1.10563
12:52:56 1.10531 1.10545 1.10576 1.10545
12:53:38 1.10498 1.10512 1.10545 1.10512
12:53:58 1.10517 1.10532 1.10517 1.10484
12:54:35 1.10529 1.10544 1.10529 1.10496
12:55:06 1.10556 1.10570 1.10556 1.10519
12:55:50 1.10572 1.10586 1.10572 1.10544
12:56:41 1.10541 1.10555 1.10585 1.10555
12:57:06 1.10588 1.10604 1.10588 1.10555
12:57:36 1.10626 1.10641 1.10626 1.10596
12:58:13 1.10637 1.10651 1.10641 1.10612
12:59:09 1.10594 1.10608 1.10637 1.10608
12:59:27 1.10555 1.10570 1.10606 1.10570
13:00:29 1.10540 1.10556 1.10590 1.10556
13:00:46 1.10586 1.10601 1.10586 1.10556
13:01:45 1.10624 1.10640 1.10624 1.10588
13:02:12 1.10594 1.10611 1.10647 1.10611
13:02:26 1.10549 1.10563 1.10594 1.10563
13:02:43 1.10592 1.10606 1.10592 1.10557
13:03:12 1.10549 1.10563 1.10592 1.10563
13:03:33 1.10495 1.10512 1.10549 1.10512
13:03:37 1.10421 1.10440 1.10495 1.10440
13:03:46 1.10468 1.10487 1.10468 1.10428
13:03:51 1.10417 1.10435 1.10473 1.10435
13:03:56 1.10375 1.10391 1.10424 1.10391
13:04:08 1.10398 1.10412 1.10398 1.10370
13:04:35 1.10419 1.10437 1.10419 1.10382
13:04:45 1.10400 1.10415 1.10452 1.10415
13:05:21 1.10379 1.10394 1.10427 1.10394
13:05:57 1.10411 1.10425 1.10411 1.10370
13:06:38 1.10438 1.10454 1.10438 1.10400
13:06:57 1.10453 1.10467 1.10453 1.10420
13:07:35 1.10394 1.10409 1.10459 1.10409
13:08:25 1.10430 1.10447 1.10430 1.10394
13:09:47 1.10439 1.10455 1.10454 1.10422
13:10:06 1.10397 1.10411 1.10443 1.10411
13:11:14 1.10370 1.10386 1.10425 1.10386
13:11:52 1.10356 1.10370 1.10403 1.10370
13:12:11 1.10400 1.10414 1.10400 1.10370
13:13:23 1.10356 1.10370 1.10400 1.10370
13:14:49 1.10375 1.10389 1.10375 1.10346
13:15:19 1.10340 1.10355 1.10386 1.10355
13:16:14 1.10307 1.10322 1.10354 1.10322
13:16:27 1.10258 1.10274 1.10309 1.10274
13:16:56 1.10301 1.10315 1.10301 1.10265
13:17:18 1.10346 1.10360 1.10346 1.10315
13:17:50 1.10295 1.10311 1.10352 1.10311
13:18:38 1.10315 1.10331 1.10315 1.10282
13:18:50 1.10282 1.10298 1.10331 1.10298
13:19:17 1.10333 1.10348 1.10333 1.10298
13:20:13 1.10302 1.10318 1.10353 1.10318
13:21:33 1.10263 1.10278 1.10311 1.10277
13:21:58 1.10310 1.10326 1.10310 1.10277
13:22:35 1.10271 1.10285 1.10317 1.10285
13:24:42 1.10309 1.10323 1.10309 1.10279
13:25:17 1.10298 1.10312 1.10317 1.10289
13:25:60 1.10245 1.10262 1.10299 1.10262
13:26:22 1.10203 1.10218 1.10251 1.10218
13:26:58 1.10241 1.10255 1.10241 1.10212
13:27:22 1.10283 1.10298 1.10283 1.10251
13:29:13 1.10244 1.10259 1.10289 1.10257
13:30:08 1.10215 1.10229 1.10258 1.10228
13:31:30 1.10170 1.10185 1.10223 1.10185
13:32:25 1.10137 1.10151 1.10179 1.10149
13:33:37 1.10094 1.10110 1.10152 1.10110
13:33:45 1.10048 1.10063 1.10096 1.10063
13:33:59 1.10102 1.10119 1.10102 1.10062
13:34:14 1.10078 1.10092 1.10123 1.10092
13:34:25 1.10115 1.10130 1.10115 1.10083
13:34:40 1.10160 1.10174 1.10160 1.10130
13:34:56 1.10119 1.10133 1.10169 1.10133
13:35:13 1.10081 1.10097 1.10135 1.10097
13:35:26 1.10115 1.10129 1.10119 1.10090
13:36:15 1.10131 1.10145 1.10139 1.10111
13:36:45 1.10098 1.10113 1.10150 1.10113
13:36:57 1.10044 1.10061 1.10098 1.10061
13:38:23 1.10078 1.10092 1.10078 1.10048
13:39:28 1.10093 1.10108 1.10093 1.10061
13:40:03 1.10056 1.10070 1.10101 1.10070
13:40:33 1.09991 1.10007 1.10057 1.10007
13:40:54 1.09990 1.10004 1.10009 1.09981
13:41:34 1.10022 1.10036 1.10022 1.09991
13:42:33 1.09994 1.10009 1.10040 1.10009
13:43:57 1.09974 1.09989 1.10019 1.09988
13:44:09 1.09931 1.09947 1.09982 1.09947
13:45:04 1.09918 1.09933 1.09966 1.09933
13:45:47 1.09961 1.09976 1.09961 1.09924
13:46:59 1.10005 1.10021 1.10005 1.09973
13:47:33 1.10051 1.10065 1.10051 1.10021
13:47:58 1.10029 1.10043 1.10072 1.10043
13:49:01 1.09990 1.10004 1.10034 1.10004
13:50:00 1.10043 1.10060 1.10043 1.10003
13:50:17 1.10091 1.10105 1.10091 1.10060
13:51:06 1.10138 1.10152 1.10138 1.10098
13:53:59 1.10149 1.10163 1.10149 1.10117
13:55:23 1.10102 1.10117 1.10152 1.10117
13:56:22 1.10068 1.10082 1.10117 1.10082
13:57:56 1.10081 1.10096 1.10081 1.10050
13:58:42 1.10095 1.10109 1.10116 1.10088
14:00:02 1.10051 1.10066 1.10102 1.10066
14:00:54 1.10073 1.10087 1.10091 1.10063
14:01:57 1.10037 1.10053 1.10092 1.10053
14:02:39 1.10071 1.10085 1.10071 1.10041
14:03:55 1.10057 1.10071 1.10101 1.10071
14:04:04 1.10011 1.10025 1.10057 1.10025
14:04:30 1.09959 1.09975 1.10011 1.09975
14:05:23 1.09935 1.09949 1.09979 1.09949
14:06:23 1.09963 1.09980 1.09963 1.09928
14:06:51 1.09997 1.10011 1.09997 1.09966
14:08:07 1.09973 1.09987 1.10007 1.09978
14:08:43 1.10013 1.10030 1.10013 1.09977
14:11:33 1.10007 1.10021 1.10054 1.10021
14:12:03 1.10050 1.10064 1.10050 1.10021
14:13:01 1.10027 1.10041 1.10071 1.10041
14:14:30 1.10055 1.10070 1.10055 1.10020
14:16:22 1.10020 1.10036 1.10078 1.10036
14:17:48 1.09973 1.09987 1.10020 1.09987
14:19:08 1.10018 1.10035 1.10018 1.09982
14:21:51 1.10000 1.10014 1.10030 1.10000
14:24:16 1.09994 1.10009 1.10028 1.09997
14:24:59 1.10022 1.10036 1.10022 1.09994
14:25:33 1.09979 1.09993 1.10022 1.09993
14:26:58 1.09962 1.09976 1.10010 1.09976
14:28:20 1.09919 1.09934 1.09965 1.09934
14:30:58 1.09904 1.09921 1.09956 1.09920
14:34:56 1.09927 1.09942 1.09927 1.09895
14:35:24 1.09878 1.09894 1.09927 1.09894
14:38:31 1.09910 1.09924 1.09910 1.09882
14:42:48 1.09904 1.09918 1.09915 1.09887
14:44:51 1.09870 1.09884 1.09910 1.09880
14:49:12 1.09846 1.09861 1.09895 1.09861
14:50:34 1.09878 1.09893 1.09878 1.09847
14:51:29 1.09866 1.09880 1.09909 1.09880
14:52:16 1.09904 1.09918 1.09904 1.09875
14:54:47 1.09917 1.09931 1.09917 1.09889
14:57:37 1.09876 1.09892 1.09925 1.09892
14:58:07 1.09914 1.09928 1.09914 1.09886
15:01:33 1.09929 1.09943 1.09929 1.09900
15:03:01 1.09958 1.09972 1.09958 1.09929
15:03:41 1.10000 1.10014 1.10000 1.09972
15:04:58 1.10023 1.10037 1.10023 1.09993
15:08:00 1.09977 1.09993 1.10026 1.09993
15:09:05 1.09939 1.09953 1.09982 1.09953
15:11:09 1.09900 1.09914 1.09945 1.09914
15:13:44 1.09915 1.09929 1.09915 1.09885
15:15:31 1.09890 1.09904 1.09929 1.09900
15:17:05 1.09910 1.09924 1.09910 1.09882
15:20:35 1.09934 1.09948 1.09934 1.09903
15:23:42 1.09895 1.09909 1.09938 1.09909
15:26:36 1.09934 1.09948 1.09934 1.09903
15:31:60 1.09944 1.09959 1.09944 1.09913
15:38:17 1.09984 1.09998 1.09984 1.09953
15:43:35 1.09960 1.09975 1.10009 1.09975
15:49:55 1.10000 1.10014 1.10002 1.09974
15:57:10 1.10016 1.10030 1.10016 1.09983
15:59:57 1.09962 1.09978 1.10016 1.09978
16:05:02 1.10000 1.10014 1.10005 1.09977
16:06:39 1.09959 1.09973 1.10000 1.09971
16:13:02 1.09925 1.09939 1.09968 1.09939
16:18:10 1.09898 1.09912 1.09942 1.09912
16:21:35 1.09942 1.09958 1.09942 1.09907
16:26:24 1.09968 1.09983 1.09973 1.09943
16:32:23 1.09949 1.09964 1.09997 1.09964
16:50:34 1.09911 1.09925 1.09955 1.09925
16:51:46 1.09855 1.09871 1.09911 1.09871
16:59:47 1.09901 1.09915 1.09901 1.09869
17:03:55 1.09908 1.09923 1.09908 1.09878
17:04:03 1.09959 1.09974 1.09959 1.09923
17:04:17 1.09944 1.09958 1.09990 1.09958
17:04:23 1.09990 1.10005 1.09990 1.09958
17:04:42 1.09948 1.09963 1.09995 1.09963
17:05:35 1.09910 1.09925 1.09958 1.09925
17:05:51 1.09936 1.09950 1.09936 1.09908
17:06:13 1.09969 1.09985 1.09969 1.09937
17:06:42 1.09957 1.09973 1.10006 1.09973
17:09:01 1.09959 1.09973 1.09983 1.09954
17:11:13 1.09980 1.09995 1.09980 1.09949
17:12:18 1.10031 1.10045 1.10031 1.09993
17:13:05 1.10070 1.10085 1.10070 1.10039
17:14:08 1.10043 1.10059 1.10093 1.10059
17:14:44 1.10005 1.10019 1.10054 1.10019
17:16:39 1.09980 1.09995 1.10027 1.09995
17:17:37 1.09978 1.09992 1.09995 1.09967
17:19:39 1.09939 1.09954 1.09988 1.09954
17:22:07 1.09982 1.09997 1.09984 1.09953
17:24:03 1.09963 1.09977 1.10007 1.09977
17:29:11 1.09939 1.09956 1.09989 1.09954
17:37:51 1.09959 1.09975 1.09959 1.09926
17:45:06 1.09924 1.09938 1.09963 1.09934
17:50:54 1.09936 1.09950 1.09939 1.09911
17:56:44 1.09965 1.09979 1.09969 1.09941
18:08:19 1.09940 1.09955 1.09991 1.09955
18:14:20 1.09894 1.09909 1.09941 1.09909
18:24:14 1.09853 1.09867 1.09895 1.09866
18:25:50 1.09810 1.09824 1.09853 1.09823
18:42:12 1.09778 1.09793 1.09829 1.09793
18:44:22 1.09788 1.09805 1.09788 1.09754
18:48:41 1.09778 1.09793 1.09824 1.09793
18:50:29 1.09739 1.09753 1.09782 1.09753
19:02:12 1.09702 1.09718 1.09752 1.09718
19:09:55 1.09726 1.09740 1.09726 1.09695
19:15:22 1.09688 1.09702 1.09734 1.09701
19:26:40 1.09670 1.09685 1.09714 1.09683
20:20:12 1.09701 1.09715 1.09701 1.09667
20:28:36 1.09739 1.09753 1.09739 1.09711
22:00:20 1.09780 1.09794 1.09780 1.09751
22:17:38 1.09823 1.09837 1.09824 1.09794
23:06:35 1.09789 1.09803 1.09830 1.09801
23:25:07 1.09800 1.09814 1.09800 1.09770
23:53:24 1.09778 1.09793 1.09824 1.09793
00:15:27 1.09813 1.09828 1.09814 1.09784
00:49:22 1.09776 1.09790 1.09819 1.09790
00:56:55 1.09814 1.09829 1.09814 1.09784
01:12:29 1.09764 1.09782 1.09819 1.09782
01:19:40 1.09733 1.09747 1.09776 1.09745
01:25:43 1.09775 1.09789 1.09775 1.09746
01:37:23 1.09822 1.09840 1.09822 1.09783
01:49:17 1.09851 1.09866 1.09851 1.09820
02:01:40 1.09802 1.09818 1.09851 1.09818
02:15:46 1.09769 1.09783 1.09813 1.09783
02:27:32 1.09814 1.09830 1.09815 1.09783
02:40:50 1.09803 1.09819 1.09853 1.09819
03:00:14 1.09834 1.09848 1.09834 1.09803
06:06:18 1.09803 1.09817 1.09848 1.09817
06:09:17 1.09787 1.09801 1.09830 1.09800
06:15:36 1.09807 1.09822 1.09814 1.09784
06:20:00 1.09820 1.09834 1.09820 1.09792
06:28:29 1.09806 1.09821 1.09852 1.09821
06:31:18 1.09827 1.09841 1.09834 1.09806
06:33:24 1.09788 1.09803 1.09834 1.09803
06:36:03 1.09823 1.09837 1.09823 1.09793
06:38:02 1.09805 1.09821 1.09854 1.09821
06:42:08 1.09785 1.09800 1.09832 1.09800
06:45:03 1.09727 1.09743 1.09789 1.09743
06:45:08 1.09773 1.09789 1.09773 1.09740
06:45:18 1.09824 1.09841 1.09824 1.09789
06:45:30 1.09874 1.09888 1.09874 1.09841
06:45:51 1.09905 1.09919 1.09905 1.09874
06:46:21 1.09857 1.09873 1.09908 1.09873
06:47:04 1.09814 1.09828 1.09858 1.09828
06:49:04 1.09824 1.09841 1.09824 1.09789
06:50:13 1.09786 1.09801 1.09832 1.09801
06:52:05 1.09739 1.09754 1.09790 1.09754
06:55:29 1.09724 1.09738 1.09769 1.09738
06:57:31 1.09678 1.09693 1.09725 1.09693
07:00:04 1.09826 1.09840 1.09826 1.09693
07:00:06 1.09875 1.09892 1.09875 1.09840
07:00:10 1.09822 1.09837 1.09875 1.09837
07:00:25 1.09794 1.09808 1.09837 1.09808
07:00:45 1.09740 1.09756 1.09794 1.09756
07:01:03 1.09700 1.09716 1.09749 1.09716
07:01:19 1.09743 1.09758 1.09743 1.09713
07:01:47 1.09790 1.09806 1.09790 1.09756
07:02:07 1.09753 1.09767 1.09800 1.09767
07:04:05 1.09792 1.09807 1.09793 1.09763
07:04:31 1.09740 1.09756 1.09792 1.09756
07:05:13 1.09701 1.09715 1.09751 1.09715
07:05:59 1.09670 1.09685 1.09717 1.09685
07:08:24 1.09637 1.09652 1.09694 1.09652
07:10:32 1.09607 1.09622 1.09651 1.09620
07:11:32 1.09602 1.09617 1.09648 1.09617
07:12:54 1.09649 1.09664 1.09649 1.09617
07:13:52 1.09701 1.09716 1.09701 1.09664
07:15:28 1.09748 1.09763 1.09748 1.09715
07:17:05 1.09702 1.09718 1.09756 1.09718
07:17:32 1.09751 1.09767 1.09751 1.09718
07:19:44 1.09712 1.09728 1.09761 1.09728
07:22:02 1.09674 1.09690 1.09726 1.09690
07:24:02 1.09635 1.09652 1.09688 1.09652
07:25:22 1.09584 1.09600 1.09635 1.09600
07:29:28 1.09559 1.09573 1.09607 1.09573
07:31:22 1.09525 1.09539 1.09573 1.09539
07:31:56 1.09577 1.09595 1.09577 1.09539
07:34:42 1.09548 1.09567 1.09607 1.09567
07:35:13 1.09571 1.09585 1.09571 1.09542
07:43:15 1.09600 1.09615 1.09605 1.09574
07:45:29 1.09579 1.09593 1.09624 1.09593
07:50:49 1.09549 1.09565 1.09599 1.09563
07:54:19 1.09530 1.09546 1.09582 1.09546
07:56:17 1.09474 1.09488 1.09530 1.09488
07:57:25 1.09431 1.09448 1.09490 1.09448
07:58:03 1.09471 1.09485 1.09473 1.09444
08:00:01 1.09523 1.09541 1.09523 1.09485
08:02:35 1.09565 1.09580 1.09565 1.09532
08:04:05 1.09516 1.09530 1.09566 1.09530
08:05:33 1.09471 1.09485 1.09518 1.09485
08:06:30 1.09518 1.09532 1.09518 1.09485
08:12:02 1.09500 1.09515 1.09545 1.09514
08:13:08 1.09531 1.09545 1.09531 1.09501
08:15:01 1.09494 1.09511 1.09547 1.09511
08:16:43 1.09535 1.09550 1.09535 1.09504
08:21:38 1.09519 1.09533 1.09561 1.09532
08:23:35 1.09548 1.09562 1.09561 1.09533
08:27:09 1.09561 1.09575 1.09579 1.09551
08:31:51 1.09571 1.09587 1.09571 1.09539
08:34:50 1.09605 1.09619 1.09605 1.09574
08:37:22 1.09648 1.09663 1.09648 1.09616
08:40:09 1.09635 1.09650 1.09681 1.09650
08:48:33 1.09603 1.09617 1.09648 1.09617
08:54:34 1.09603 1.09617 1.09643 1.09614
08:57:58 1.09576 1.09590 1.09620 1.09590
09:02:11 1.09563 1.09577 1.09607 1.09577
09:08:28 1.09602 1.09616 1.09602 1.09573
09:11:02 1.09575 1.09589 1.09619 1.09589
09:13:07 1.09619 1.09634 1.09619 1.09587
09:19:53 1.09654 1.09668 1.09654 1.09624
09:28:35 1.09614 1.09629 1.09664 1.09629
09:33:19 1.09650 1.09666 1.09652 1.09620
09:41:14 1.09685 1.09699 1.09687 1.09659
09:42:45 1.09727 1.09741 1.09727 1.09699
09:47:39 1.09715 1.09729 1.09732 1.09704
09:49:28 1.09760 1.09774 1.09760 1.09729
10:00:42 1.09711 1.09726 1.09760 1.09726
10:10:20 1.09744 1.09759 1.09744 1.09713
10:22:50 1.09785 1.09800 1.09785 1.09755
10:26:00 1.09828 1.09842 1.09828 1.09800
10:28:31 1.09863 1.09877 1.09865 1.09836
10:31:20 1.09826 1.09842 1.09877 1.09842
10:39:40 1.09863 1.09879 1.09863 1.09830
10:41:29 1.09910 1.09925 1.09910 1.09879
10:51:56 1.09959 1.09973 1.09959 1.09918
11:02:26 1.09940 1.09955 1.09960 1.09930
11:06:37 1.09977 1.09991 1.09977 1.09948
11:08:54 1.10022 1.10038 1.10022 1.09984
11:12:48 1.10030 1.10044 1.10030 1.10000
11:14:24 1.10063 1.10077 1.10069 1.10041
11:23:14 1.10104 1.10119 1.10106 1.10075
11:26:31 1.10115 1.10129 1.10132 1.10104
11:28:33 1.10155 1.10170 1.10155 1.10125
11:32:02 1.10119 1.10135 1.10175 1.10135
11:35:40 1.10111 1.10125 1.10130 1.10102
11:45:38 1.10085 1.10099 1.10128 1.10099
11:48:47 1.10130 1.10145 1.10130 1.10099
11:57:04 1.10085 1.10099 1.10131 1.10099
12:04:56 1.10121 1.10135 1.10121 1.10091
12:06:14 1.10162 1.10176 1.10162 1.10133
12:07:48 1.10122 1.10138 1.10172 1.10138
12:10:41 1.10080 1.10094 1.10123 1.10094
12:12:46 1.10124 1.10138 1.10124 1.10094
12:18:30 1.10081 1.10095 1.10124 1.10095
12:21:35 1.10106 1.10120 1.10107 1.10079
12:23:25 1.10130 1.10145 1.10130 1.10098
12:27:03 1.10162 1.10176 1.10162 1.10134
12:30:12 1.10193 1.10210 1.10202 1.10166
12:30:15 1.10226 1.10240 1.10234 1.10204
12:30:28 1.10266 1.10285 1.10266 1.10227
12:30:31 1.10329 1.10343 1.10329 1.10285
12:30:37 1.10285 1.10299 1.10329 1.10299
12:30:50 1.10241 1.10259 1.10302 1.10259
12:31:02 1.10195 1.10211 1.10247 1.10211
12:31:10 1.10155 1.10169 1.10200 1.10169
12:31:14 1.10186 1.10201 1.10200 1.10169
12:31:26 1.10154 1.10170 1.10206 1.10170
12:31:50 1.10199 1.10215 1.10199 1.10166
12:32:09 1.10245 1.10260 1.10245 1.10207
12:32:31 1.10206 1.10220 1.10245 1.10215
12:33:29 1.10189 1.10203 1.10210 1.10182
12:33:58 1.10171 1.10185 1.10209 1.10180
12:35:53 1.10149 1.10163 1.10192 1.10163
12:36:17 1.10114 1.10129 1.10153 1.10122
12:36:32 1.10149 1.10164 1.10149 1.10119
12:38:47 1.10172 1.10188 1.10172 1.10140
12:39:19 1.10136 1.10151 1.10180 1.10149
12:40:57 1.10102 1.10117 1.10149 1.10117
12:41:40 1.10060 1.10075 1.10105 1.10073
12:43:30 1.10081 1.10096 1.10081 1.10050
12:45:01 1.10044 1.10059 1.10091 1.10059
12:46:24 1.10058 1.10072 1.10075 1.10046
12:49:04 1.10076 1.10091 1.10076 1.10042
12:50:28 1.10123 1.10138 1.10123 1.10091
12:52:55 1.10141 1.10155 1.10141 1.10113
12:56:25 1.10148 1.10162 1.10148 1.10119
12:57:02 1.10097 1.10113 1.10148 1.10113
13:00:24 1.10074 1.10088 1.10118 1.10088
13:01:55 1.10031 1.10045 1.10074 1.10045
13:03:38 1.09990 1.10006 1.10043 1.10006
13:05:29 1.10017 1.10031 1.10017 1.09989
13:07:12 1.09983 1.09997 1.10027 1.09997
13:07:58 1.09934 1.09949 1.09983 1.09949
13:10:08 1.09971 1.09987 1.09971 1.09939
13:12:51 1.10017 1.10032 1.10017 1.09985
13:14:38 1.09988 1.10003 1.10036 1.10003
13:18:32 1.09973 1.09987 1.10017 1.09987
13:20:08 1.09932 1.09947 1.09983 1.09947
13:22:52 1.09968 1.09983 1.09971 1.09941
13:27:05 1.10007 1.10021 1.10008 1.09980
13:31:51 1.09971 1.09985 1.10016 1.09985
13:35:13 1.09978 1.09992 1.09978 1.09950
13:37:27 1.09944 1.09958 1.09984 1.09954
13:39:25 1.09973 1.09988 1.09973 1.09941
13:45:41 1.09982 1.09996 1.09997 1.09969
13:47:32 1.10016 1.10030 1.10018 1.09989
13:51:22 1.10017 1.10031 1.10045 1.10016
13:54:41 1.10046 1.10061 1.10046 1.10016
13:57:48 1.10081 1.10096 1.10081 1.10051
13:58:08 1.10128 1.10144 1.10128 1.10096
13:59:20 1.10154 1.10170 1.10154 1.10121
14:00:05 1.10190 1.10204 1.10190 1.10160
14:00:12 1.10242 1.10261 1.10252 1.10195
14:00:23 1.10236 1.10250 1.10281 1.10250
14:00:32 1.10205 1.10219 1.10254 1.10219
14:00:42 1.10248 1.10262 1.10248 1.10219
14:01:13 1.10264 1.10279 1.10264 1.10231
14:01:29 1.10311 1.10326 1.10311 1.10279
14:01:54 1.10358 1.10372 1.10358 1.10326
14:02:35 1.10332 1.10348 1.10382 1.10348
14:04:16 1.10251 1.10266 1.10332 1.10266
14:04:60 1.10241 1.10255 1.10252 1.10224
14:05:38 1.10268 1.10282 1.10273 1.10243
14:06:35 1.10293 1.10308 1.10296 1.10266
14:09:16 1.10318 1.10332 1.10318 1.10288
14:11:12 1.10363 1.10377 1.10363 1.10332
14:14:00 1.10325 1.10340 1.10373 1.10340
14:15:08 1.10363 1.10377 1.10363 1.10333
14:15:54 1.10394 1.10409 1.10396 1.10366
14:16:25 1.10427 1.10441 1.10428 1.10400
14:17:21 1.10447 1.10461 1.10447 1.10417
14:18:31 1.10404 1.10418 1.10447 1.10418
14:21:48 1.10357 1.10373 1.10409 1.10373
14:23:05 1.10387 1.10402 1.10387 1.10353
14:23:59 1.10424 1.10438 1.10424 1.10396
14:25:25 1.10412 1.10429 1.10466 1.10429
14:28:32 1.10379 1.10393 1.10420 1.10391
14:40:03 1.10413 1.10428 1.10413 1.10379
14:42:08 1.10382 1.10397 1.10430 1.10396
14:45:49 1.10355 1.10369 1.10396 1.10367
14:51:45 1.10318 1.10332 1.10363 1.10332
14:57:16 1.10350 1.10366 1.10350 1.10318
15:04:28 1.10321 1.10335 1.10366 1.10335
15:09:47 1.10278 1.10292 1.10339 1.10292
15:11:25 1.10244 1.10258 1.10285 1.10255
15:12:57 1.10278 1.10293 1.10284 1.10253
15:17:30 1.10319 1.10334 1.10319 1.10289
15:19:19 1.10271 1.10286 1.10319 1.10286
15:22:06 1.10220 1.10235 1.10271 1.10235
15:24:60 1.10256 1.10270 1.10258 1.10230
15:27:22 1.10291 1.10305 1.10298 1.10270
15:28:30 1.10315 1.10330 1.10323 1.10292
15:33:54 1.10274 1.10289 1.10322 1.10289
15:38:50 1.10305 1.10320 1.10305 1.10274
15:41:48 1.10272 1.10287 1.10319 1.10287
15:42:51 1.10312 1.10326 1.10312 1.10282
15:45:40 1.10332 1.10346 1.10332 1.10303
15:56:07 1.10358 1.10372 1.10358 1.10330
15:57:45 1.10393 1.10407 1.10393 1.10364
16:04:01 1.10365 1.10380 1.10398 1.10366
16:05:56 1.10410 1.10424 1.10410 1.10380
16:10:53 1.10390 1.10404 1.10423 1.10393
16:17:58 1.10344 1.10359 1.10390 1.10359
16:37:01 1.10296 1.10312 1.10345 1.10312
16:55:29 1.10268 1.10282 1.10311 1.10282
17:00:08 1.10244 1.10259 1.10288 1.10257
17:13:47 1.10282 1.10296 1.10282 1.10253
17:20:02 1.10244 1.10258 1.10287 1.10258
17:22:02 1.10203 1.10217 1.10247 1.10217
17:29:35 1.10173 1.10188 1.10219 1.10188
17:41:48 1.10169 1.10183 1.10212 1.10183
17:52:00 1.10191 1.10206 1.10191 1.10159
17:55:49 1.10226 1.10241 1.10235 1.10204
18:04:40 1.10189 1.10204 1.10235 1.10204
18:20:11 1.10192 1.10206 1.10197 1.10168
18:46:06 1.10236 1.10251 1.10236 1.10206
18:52:27 1.10264 1.10278 1.10265 1.10237
18:58:08 1.10241 1.10257 1.10292 1.10257
19:11:14 1.10254 1.10270 1.10254 1.10222
19:22:36 1.10210 1.10225 1.10258 1.10225
19:51:42 1.10226 1.10240 1.10226 1.10197
20:12:15 1.10193 1.10208 1.10240 1.10208
20:41:01 1.10167 1.10183 1.10216 1.10183
22:00:08 1.10179 1.10196 1.10194 1.10160
22:10:13 1.10224 1.10241 1.10224 1.10190
22:56:60 1.10266 1.10280 1.10266 1.10238
23:57:23 1.10232 1.10246 1.10276 1.10246
00:04:57 1.10261 1.10277 1.10261 1.10228
00:24:47 1.10230 1.10244 1.10273 1.10244
00:50:33 1.10194 1.10208 1.10237 1.10208
01:00:31 1.10234 1.10250 1.10234 1.10201
01:02:28 1.10193 1.10207 1.10234 1.10204
01:12:16 1.10176 1.10190 1.10219 1.10190
01:35:55 1.10222 1.10237 1.10222 1.10189
01:43:05 1.10212 1.10227 1.10257 1.10226
01:54:46 1.10162 1.10179 1.10215 1.10179
02:00:35 1.10117 1.10133 1.10167 1.10133
02:03:57 1.10132 1.10149 1.10133 1.10099
02:27:29 1.10106 1.10122 1.10155 1.10122
02:43:05 1.10132 1.10146 1.10132 1.10102
03:02:10 1.10161 1.10177 1.10161 1.10129
03:41:25 1.10128 1.10143 1.10175 1.10143
04:06:05 1.10095 1.10110 1.10141 1.10109
04:50:01 1.10066 1.10082 1.10115 1.10082
05:11:34 1.10091 1.10106 1.10092 1.10061
05:43:04 1.10058 1.10072 1.10101 1.10071
05:52:05 1.10096 1.10111 1.10096 1.10066
05:59:54 1.10131 1.10145 1.10131 1.10100
06:02:28 1.10091 1.10106 1.10137 1.10106
06:12:53 1.10128 1.10143 1.10128 1.10096
06:18:57 1.10166 1.10182 1.10166 1.10134
06:21:57 1.10122 1.10136 1.10169 1.10136
06:38:25 1.10112 1.10126 1.10132 1.10104
06:44:00 1.10097 1.10112 1.10143 1.10112
06:46:27 1.10137 1.10152 1.10137 1.10104
06:48:15 1.10087 1.10103 1.10139 1.10103
06:59:55 1.10106 1.10120 1.10106 1.10077
07:00:15 1.10122 1.10136 1.10146 1.10117
07:04:42 1.10160 1.10177 1.10160 1.10126
07:08:21 1.10128 1.10142 1.10171 1.10142
07:12:53 1.10135 1.10149 1.10148 1.10120
07:16:46 1.10165 1.10179 1.10165 1.10131
07:18:01 1.10133 1.10149 1.10182 1.10149
07:22:39 1.10173 1.10187 1.10173 1.10140
07:23:42 1.10206 1.10221 1.10215 1.10184
07:28:16 1.10249 1.10263 1.10249 1.10219
07:34:53 1.10281 1.10295 1.10281 1.10250
07:38:04 1.10234 1.10249 1.10281 1.10249
07:44:43 1.10191 1.10206 1.10236 1.10205
08:01:08 1.10169 1.10183 1.10207 1.10177
08:05:06 1.10209 1.10225 1.10209 1.10174
08:12:02 1.10160 1.10176 1.10210 1.10176
08:14:32 1.10197 1.10212 1.10197 1.10166
08:19:47 1.10178 1.10194 1.10230 1.10194
08:32:35 1.10153 1.10167 1.10190 1.10161
08:35:41 1.10118 1.10132 1.10162 1.10132
08:41:25 1.10151 1.10165 1.10151 1.10123
08:47:04 1.10169 1.10183 1.10173 1.10143
08:50:15 1.10196 1.10210 1.10207 1.10178
08:52:33 1.10223 1.10237 1.10223 1.10195
08:54:18 1.10263 1.10277 1.10263 1.10234
08:56:26 1.10306 1.10321 1.10307 1.10277
08:59:29 1.10340 1.10355 1.10345 1.10314
09:00:08 1.10300 1.10317 1.10353 1.10317
09:01:23 1.10331 1.10346 1.10331 1.10300
09:03:17 1.10295 1.10310 1.10341 1.10310
09:05:41 1.10254 1.10269 1.10300 1.10269
09:08:37 1.10300 1.10315 1.10300 1.10266
09:10:55 1.10328 1.10342 1.10334 1.10306
09:16:44 1.10284 1.10298 1.10328 1.10298
09:36:39 1.10297 1.10311 1.10302 1.10274
09:42:32 1.10343 1.10357 1.10343 1.10311
09:51:48 1.10322 1.10337 1.10369 1.10337
10:02:02 1.10314 1.10328 1.10334 1.10306
10:10:59 1.10334 1.10349 1.10334 1.10299
10:15:57 1.10375 1.10390 1.10375 1.10344
10:19:53 1.10332 1.10346 1.10375 1.10346
10:24:44 1.10363 1.10377 1.10365 1.10337
10:39:38 1.10342 1.10357 1.10388 1.10357
10:48:10 1.10378 1.10393 1.10378 1.10348
10:53:31 1.10354 1.10369 1.10396 1.10365
11:04:58 1.10318 1.10333 1.10365 1.10333
11:17:07 1.10297 1.10311 1.10339 1.10310
11:41:07 1.10277 1.10291 1.10318 1.10289
11:44:14 1.10238 1.10253 1.10287 1.10253
11:55:28 1.10267 1.10281 1.10267 1.10239
12:00:52 1.10248 1.10262 1.10290 1.10259
12:04:31 1.10288 1.10302 1.10288 1.10259
12:06:08 1.10272 1.10287 1.10319 1.10287
12:09:49 1.10231 1.10246 1.10276 1.10245
12:19:25 1.10185 1.10200 1.10232 1.10200
12:23:24 1.10226 1.10241 1.10226 1.10196
12:30:08 1.10266 1.10280 1.10266 1.10234
12:31:51 1.10310 1.10325 1.10310 1.10280
12:49:04 1.10332 1.10346 1.10332 1.10298
12:52:18 1.10355 1.10372 1.10355 1.10321
12:56:21 1.10341 1.10355 1.10380 1.10350
12:58:15 1.10298 1.10312 1.10341 1.10312
13:00:38 1.10251 1.10267 1.10304 1.10267
13:11:29 1.10227 1.10242 1.10273 1.10242
13:16:31 1.10186 1.10202 1.10237 1.10202
13:16:48 1.10149 1.10163 1.10192 1.10163
13:18:19 1.10192 1.10208 1.10192 1.10160
13:21:40 1.10149 1.10163 1.10194 1.10163
13:23:08 1.10190 1.10204 1.10193 1.10163
13:30:06 1.10220 1.10234 1.10222 1.10193
13:32:08 1.10261 1.10276 1.10261 1.10231
13:34:16 1.10312 1.10328 1.10312 1.10276
13:38:26 1.10351 1.10365 1.10351 1.10323
13:45:26 1.10377 1.10391 1.10377 1.10348
13:46:00 1.10424 1.10439 1.10424 1.10390
13:47:16 1.10431 1.10445 1.10431 1.10400
13:49:41 1.10406 1.10420 1.10449 1.10420
13:53:35 1.10379 1.10393 1.10422 1.10393
13:55:60 1.10351 1.10367 1.10402 1.10367
14:00:24 1.10389 1.10404 1.10389 1.10359
14:03:15 1.10431 1.10445 1.10431 1.10403
14:06:32 1.10390 1.10404 1.10434 1.10404
14:10:35 1.10424 1.10440 1.10424 1.10390
14:13:20 1.10403 1.10418 1.10451 1.10418
14:15:53 1.10443 1.10457 1.10443 1.10414
14:20:03 1.10403 1.10417 1.10448 1.10416
14:25:56 1.10369 1.10383 1.10414 1.10383
14:30:01 1.10417 1.10434 1.10417 1.10381
14:32:44 1.10399 1.10413 1.10441 1.10411
14:36:46 1.10354 1.10369 1.10404 1.10369
14:40:06 1.10307 1.10322 1.10355 1.10322
14:47:50 1.10287 1.10302 1.10333 1.10302
14:50:14 1.10261 1.10275 1.10302 1.10272
14:51:40 1.10222 1.10236 1.10273 1.10236
14:55:09 1.10264 1.10280 1.10264 1.10232
14:57:17 1.10287 1.10303 1.10287 1.10255
14:57:47 1.10250 1.10264 1.10293 1.10264
15:01:24 1.10223 1.10237 1.10266 1.10237
15:03:14 1.10214 1.10228 1.10258 1.10228
15:06:20 1.10244 1.10259 1.10244 1.10212
15:08:06 1.10203 1.10217 1.10247 1.10217
15:16:00 1.10171 1.10186 1.10217 1.10186
15:16:38 1.10151 1.10167 1.10175 1.10143
15:19:59 1.10165 1.10180 1.10165 1.10132
15:22:19 1.10207 1.10221 1.10207 1.10178
15:29:16 1.10241 1.10255 1.10241 1.10212
15:35:35 1.10285 1.10300 1.10285 1.10255
15:39:35 1.10241 1.10257 1.10290 1.10257
15:42:30 1.10203 1.10218 1.10250 1.10218
15:51:40 1.10190 1.10204 1.10237 1.10204
16:06:40 1.10154 1.10168 1.10195 1.10165
16:10:32 1.10117 1.10131 1.10163 1.10131
16:17:21 1.10143 1.10158 1.10147 1.10116
16:33:18 1.10100 1.10114 1.10144 1.10114
16:39:18 1.10057 1.10071 1.10101 1.10071
16:56:55 1.10076 1.10090 1.10076 1.10048
17:22:58 1.10087 1.10102 1.10087 1.10055
17:52:51 1.10076 1.10090 1.10107 1.10077
17:59:14 1.10036 1.10050 1.10080 1.10050
18:09:46 1.10015 1.10029 1.10058 1.10029
18:17:08 1.10050 1.10065 1.10050 1.10016
18:32:19 1.10024 1.10038 1.10068 1.10038
18:57:21 1.09990 1.10005 1.10037 1.10005
19:20:04 1.09955 1.09969 1.10000 1.09969
19:56:31 1.09939 1.09954 1.09979 1.09948
21:20:01 1.09954 1.09968 1.09971 1.09943
22:05:04 1.09988 1.10002 1.09990 1.09962
23:32:13 1.09973 1.09989 1.10023 1.09989
00:03:52 1.10004 1.10021 1.10004 1.09970
00:15:26 1.09958 1.09974 1.10009 1.09974
00:26:23 1.09939 1.09953 1.09984 1.09953
00:55:00 1.09898 1.09913 1.09941 1.09910
01:43:28 1.09858 1.09873 1.09905 1.09873
02:24:46 1.09821 1.09835 1.09868 1.09835
02:58:34 1.09846 1.09860 1.09846 1.09814
03:18:57 1.09881 1.09897 1.09881 1.09849
03:52:03 1.09839 1.09854 1.09884 1.09852
04:29:33 1.09862 1.09879 1.09862 1.09828
04:33:22 1.09870 1.09887 1.09870 1.09836
04:52:30 1.09885 1.09899 1.09885 1.09855
05:05:44 1.09911 1.09925 1.09911 1.09883
05:14:44 1.09862 1.09879 1.09917 1.09879
05:23:01 1.09889 1.09903 1.09904 1.09876
05:29:11 1.09928 1.09942 1.09932 1.09903
05:49:43 1.09895 1.09910 1.09941 1.09910
05:56:20 1.09939 1.09956 1.09939 1.09905
05:59:05 1.09979 1.09993 1.09980 1.09952
06:10:17 1.09943 1.09957 1.09986 1.09955
06:17:06 1.09905 1.09919 1.09948 1.09919
06:29:41 1.09932 1.09948 1.09932 1.09893
06:32:04 1.09968 1.09982 1.09973 1.09944
06:44:49 1.09952 1.09966 1.09996 1.09966
06:54:55 1.09916 1.09932 1.09965 1.09932
07:01:23 1.09910 1.09925 1.09956 1.09924
07:03:21 1.09860 1.09876 1.09910 1.09876
07:04:49 1.09820 1.09834 1.09863 1.09834
07:07:42 1.09782 1.09796 1.09830 1.09796
07:09:36 1.09738 1.09752 1.09789 1.09752
07:11:46 1.09742 1.09758 1.09742 1.09710
07:15:39 1.09758 1.09772 1.09758 1.09730
07:19:11 1.09738 1.09753 1.09783 1.09752
07:24:48 1.09785 1.09801 1.09785 1.09752
07:29:00 1.09776 1.09790 1.09816 1.09787
07:32:12 1.09799 1.09813 1.09799 1.09770
07:36:37 1.09812 1.09827 1.09814 1.09783
07:38:33 1.09768 1.09782 1.09814 1.09782
07:44:20 1.09789 1.09803 1.09801 1.09770
07:46:42 1.09836 1.09852 1.09836 1.09803
07:48:13 1.09797 1.09812 1.09846 1.09812
07:49:19 1.09740 1.09754 1.09797 1.09754
07:51:25 1.09771 1.09785 1.09771 1.09742
07:55:15 1.09797 1.09811 1.09803 1.09774
08:00:53 1.09755 1.09771 1.09805 1.09771
08:02:50 1.09778 1.09792 1.09778 1.09750
08:04:16 1.09735 1.09749 1.09778 1.09749
08:07:60 1.09775 1.09790 1.09779 1.09749
08:10:16 1.09821 1.09835 1.09821 1.09790
08:14:53 1.09845 1.09860 1.09845 1.09808
08:19:55 1.09814 1.09828 1.09854 1.09825
08:24:05 1.09787 1.09801 1.09831 1.09801
08:33:34 1.09744 1.09758 1.09787 1.09758
08:42:15 1.09710 1.09725 1.09754 1.09723
08:46:39 1.09748 1.09762 1.09748 1.09717
08:52:44 1.09767 1.09781 1.09784 1.09756
08:59:10 1.09724 1.09738 1.09767 1.09738
09:06:49 1.09704 1.09719 1.09750 1.09718
09:14:36 1.09661 1.09675 1.09704 1.09675
09:23:57 1.09695 1.09710 1.09695 1.09665
09:32:13 1.09738 1.09753 1.09738 1.09706
09:38:60 1.09699 1.09713 1.09742 1.09713
09:49:46 1.09740 1.09754 1.09740 1.09709
10:04:20 1.09771 1.09787 1.09771 1.09739
10:15:09 1.09730 1.09745 1.09776 1.09745
10:26:08 1.09726 1.09740 1.09731 1.09703
10:42:56 1.09763 1.09778 1.09763 1.09731
10:51:51 1.09765 1.09779 1.09770 1.09742
10:55:03 1.09805 1.09819 1.09805 1.09776
11:01:24 1.09791 1.09806 1.09839 1.09806
11:20:02 1.09759 1.09773 1.09802 1.09773
11:24:57 1.09783 1.09797 1.09783 1.09755
11:39:08 1.09746 1.09761 1.09792 1.09761
11:46:19 1.09788 1.09804 1.09788 1.09756
11:52:33 1.09744 1.09758 1.09789 1.09758
12:02:44 1.09722 1.09736 1.09766 1.09736
12:05:08 1.09758 1.09772 1.09759 1.09731
12:08:22 1.09719 1.09734 1.09762 1.09730
12:10:57 1.09675 1.09690 1.09722 1.09690
12:11:47 1.09632 1.09646 1.09675 1.09646
12:15:56 1.09579 1.09595 1.09632 1.09595
12:19:30 1.09623 1.09637 1.09623 1.09595
12:21:16 1.09589 1.09603 1.09636 1.09603
12:32:50 1.09596 1.09610 1.09596 1.09567
12:36:03 1.09627 1.09641 1.09627 1.09597
12:37:14 1.09584 1.09598 1.09627 1.09598
12:47:13 1.09562 1.09577 1.09607 1.09575
12:51:17 1.09519 1.09533 1.09575 1.09533
12:56:04 1.09556 1.09570 1.09561 1.09532
13:02:28 1.09565 1.09579 1.09570 1.09542
13:05:31 1.09607 1.09621 1.09607 1.09579
13:07:33 1.09647 1.09662 1.09647 1.09617
13:13:07 1.09684 1.09699 1.09684 1.09652
13:15:16 1.09727 1.09743 1.09727 1.09693
13:16:57 1.09698 1.09713 1.09744 1.09713
13:23:27 1.09731 1.09746 1.09733 1.09702
13:30:20 1.09762 1.09776 1.09762 1.09734
13:33:52 1.09723 1.09738 1.09769 1.09737
13:46:07 1.09722 1.09736 1.09738 1.09710
13:49:45 1.09759 1.09775 1.09759 1.09726
13:55:33 1.09721 1.09738 1.09773 1.09738
14:00:01 1.09760 1.09774 1.09760 1.09726
14:00:04 1.09788 1.09804 1.09807 1.09774
14:00:07 1.09837 1.09851 1.09837 1.09804
14:00:11 1.09800 1.09816 1.09850 1.09816
14:00:13 1.09846 1.09860 1.09846 1.09816
14:00:27 1.09884 1.09898 1.09884 1.09855
14:00:41 1.09846 1.09860 1.09884 1.09855
14:01:57 1.09811 1.09828 1.09863 1.09828
14:02:49 1.09771 1.09786 1.09815 1.09784
14:03:06 1.09799 1.09813 1.09799 1.09768
14:04:01 1.09837 1.09851 1.09837 1.09800
14:04:49 1.09786 1.09803 1.09839 1.09803
14:06:12 1.09754 1.09769 1.09788 1.09756
14:08:24 1.09715 1.09729 1.09755 1.09725
14:09:36 1.09734 1.09748 1.09734 1.09706
14:12:24 1.09698 1.09713 1.09744 1.09713
14:12:57 1.09673 1.09687 1.09719 1.09687
14:15:24 1.09635 1.09650 1.09685 1.09650
14:24:32 1.09664 1.09678 1.09664 1.09636
14:27:25 1.09634 1.09649 1.09679 1.09648
14:29:24 1.09656 1.09671 1.09658 1.09627
14:38:58 1.09701 1.09716 1.09701 1.09671
14:40:05 1.09742 1.09756 1.09743 1.09715
14:44:19 1.09711 1.09726 1.09759 1.09726
14:46:28 1.09668 1.09682 1.09711 1.09682
14:47:47 1.09622 1.09637 1.09668 1.09637
14:49:09 1.09651 1.09665 1.09651 1.09617
14:51:17 1.09687 1.09701 1.09687 1.09659
14:52:21 1.09726 1.09740 1.09726 1.09695
14:53:30 1.09770 1.09785 1.09770 1.09740
14:54:52 1.09756 1.09770 1.09799 1.09770
14:55:21 1.09712 1.09728 1.09763 1.09728
14:57:12 1.09756 1.09770 1.09756 1.09727
14:57:54 1.09799 1.09815 1.09799 1.09767
15:00:17 1.09762 1.09776 1.09805 1.09776
15:02:45 1.09802 1.09816 1.09802 1.09774
15:03:24 1.09839 1.09854 1.09839 1.09807
15:03:41 1.09799 1.09813 1.09841 1.09812
15:05:24 1.09750 1.09765 1.09800 1.09765
15:07:30 1.09719 1.09734 1.09767 1.09734
15:15:56 1.09675 1.09690 1.09721 1.09690
15:20:32 1.09641 1.09655 1.09685 1.09655
15:29:09 1.09616 1.09631 1.09666 1.09631
15:32:35 1.09653 1.09667 1.09653 1.09621
15:35:12 1.09612 1.09626 1.09654 1.09625
15:39:32 1.09651 1.09665 1.09653 1.09624
15:42:05 1.09631 1.09645 1.09674 1.09645
15:50:46 1.09647 1.09661 1.09647 1.09616
15:55:36 1.09691 1.09705 1.09691 1.09661
16:12:12 1.09731 1.09748 1.09731 1.09696
16:17:34 1.09752 1.09766 1.09752 1.09724
16:26:30 1.09733 1.09747 1.09776 1.09747
16:31:36 1.09695 1.09709 1.09738 1.09709
16:48:38 1.09688 1.09703 1.09734 1.09702
16:56:42 1.09711 1.09726 1.09720 1.09690
17:00:20 1.09731 1.09745 1.09731 1.09703
17:17:19 1.09715 1.09729 1.09758 1.09729
17:23:47 1.09677 1.09691 1.09721 1.09691
17:35:04 1.09634 1.09648 1.09677 1.09647
18:07:04 1.09663 1.09677 1.09663 1.09634
18:12:40 1.09702 1.09717 1.09702 1.09670
18:30:48 1.09683 1.09698 1.09731 1.09698
18:48:48 1.09715 1.09729 1.09715 1.09686
18:58:11 1.09736 1.09750 1.09736 1.09706
19:23:57 1.09775 1.09790 1.09775 1.09741
19:31:55 1.09809 1.09823 1.09809 1.09780
20:01:12 1.09802 1.09816 1.09846 1.09816
20:56:42 1.09846 1.09861 1.09846 1.09812
21:24:22 1.09885 1.09907 1.09898 1.09853
21:35:17 1.09921 1.09936 1.09921 1.09889
21:45:10 1.09968 1.09985 1.09968 1.09932
21:51:44 1.10068 1.10107 1.10068 1.09984
21:55:36 1.10141 1.10159 1.10141 1.10101
21:57:57 1.10176 1.10197 1.10176 1.10133
22:00:05 1.10076 1.10109 1.10193 1.10109
22:02:19 1.10148 1.10166 1.10148 1.10109
22:07:02 1.10176 1.10190 1.10176 1.10148
22:08:16 1.10124 1.10141 1.10176 1.10141
22:10:31 1.10102 1.10121 1.10160 1.10121
22:14:44 1.10051 1.10069 1.10111 1.10069
22:17:20 1.10075 1.10094 1.10075 1.10035
22:20:32 1.10037 1.10053 1.10090 1.10053
22:27:41 1.10014 1.10031 1.10064 1.10028
22:34:00 1.09978 1.09994 1.10029 1.09994
22:46:45 1.10029 1.10046 1.10029 1.09994
22:53:35 1.10073 1.10089 1.10073 1.10040
23:02:30 1.10054 1.10069 1.10089 1.10057
23:12:23 1.10095 1.10110 1.10095 1.10064
23:22:31 1.10127 1.10143 1.10127 1.10089
23:31:45 1.10137 1.10152 1.10137 1.10106
23:52:15 1.10112 1.10128 1.10161 1.10128
23:58:24 1.10065 1.10081 1.10118 1.10081
00:04:07 1.10027 1.10043 1.10076 1.10043
00:06:21 1.09988 1.10005 1.10041 1.10005
00:12:24 1.09949 1.09965 1.09995 1.09961
00:21:06 1.09939 1.09954 1.09985 1.09953
00:49:56 1.09970 1.09986 1.09970 1.09936
01:18:28 1.09939 1.09953 1.09982 1.09953
01:31:53 1.09980 1.09996 1.09985 1.09953
01:36:20 1.10003 1.10018 1.10003 1.09972
01:39:41 1.10051 1.10067 1.10051 1.10018
01:46:24 1.10017 1.10033 1.10067 1.10033
01:53:09 1.09978 1.09993 1.10024 1.09993
01:57:49 1.09929 1.09946 1.09983 1.09946
02:03:00 1.09884 1.09900 1.09933 1.09900
02:37:13 1.09860 1.09874 1.09897 1.09868
02:51:53 1.09823 1.09839 1.09874 1.09839
02:58:06 1.09843 1.09859 1.09843 1.09811
03:18:16 1.09803 1.09817 1.09846 1.09817
03:25:45 1.09840 1.09855 1.09840 1.09810
03:47:16 1.09834 1.09849 1.09881 1.09849
03:54:10 1.09861 1.09875 1.09861 1.09833
04:04:01 1.09830 1.09844 1.09875 1.09844
04:43:37 1.09858 1.09875 1.09858 1.09824
04:52:51 1.09823 1.09837 1.09865 1.09835
04:57:43 1.09858 1.09873 1.09858 1.09827
05:00:11 1.09893 1.09907 1.09893 1.09865
05:02:04 1.09931 1.09946 1.09931 1.09898
05:13:43 1.09965 1.09980 1.09965 1.09934
05:22:39 1.09975 1.09989 1.09999 1.09970
05:33:29 1.09936 1.09950 1.09980 1.09950
05:47:29 1.09919 1.09933 1.09962 1.09933
05:57:34 1.09945 1.09960 1.09945 1.09912
06:02:16 1.09905 1.09919 1.09948 1.09919
06:10:06 1.09858 1.09873 1.09909 1.09873
06:15:28 1.09820 1.09835 1.09866 1.09835
06:29:50 1.09812 1.09826 1.09855 1.09826
06:34:35 1.09856 1.09870 1.09856 1.09823
06:38:21 1.09897 1.09911 1.09899 1.09870
06:44:14 1.09921 1.09935 1.09921 1.09893
06:57:03 1.09903 1.09919 1.09954 1.09919
07:00:16 1.09856 1.09871 1.09903 1.09871
07:01:24 1.09876 1.09892 1.09879 1.09847
07:03:26 1.09831 1.09848 1.09883 1.09848
07:08:19 1.09876 1.09892 1.09876 1.09844
07:11:53 1.09883 1.09898 1.09887 1.09857
07:16:13 1.09870 1.09884 1.09888 1.09860
07:23:51 1.09829 1.09847 1.09884 1.09847
07:28:03 1.09857 1.09872 1.09857 1.09827
07:30:42 1.09888 1.09904 1.09891 1.09858
07:34:53 1.09931 1.09947 1.09932 1.09899
07:38:18 1.09911 1.09928 1.09963 1.09928
07:41:12 1.09942 1.09959 1.09942 1.09905
07:44:36 1.09912 1.09927 1.09958 1.09927
07:49:02 1.09880 1.09895 1.09928 1.09895
07:51:37 1.09923 1.09937 1.09923 1.09893
07:53:29 1.09944 1.09960 1.09944 1.09912
07:54:31 1.09900 1.09915 1.09944 1.09913
07:57:16 1.09860 1.09874 1.09904 1.09873
07:58:20 1.09908 1.09925 1.09908 1.09874
08:03:04 1.09900 1.09915 1.09918 1.09887
08:04:39 1.09858 1.09872 1.09902 1.09872
08:06:56 1.09828 1.09844 1.09878 1.09844
08:08:30 1.09778 1.09795 1.09830 1.09795
08:10:54 1.09799 1.09814 1.09799 1.09768
08:13:16 1.09827 1.09844 1.09827 1.09793
08:23:32 1.09861 1.09875 1.09861 1.09831
08:27:33 1.09887 1.09901 1.09887 1.09859
08:30:56 1.09854 1.09869 1.09900 1.09869
08:38:35 1.09822 1.09836 1.09875 1.09836
08:40:52 1.09810 1.09824 1.09848 1.09819
08:42:29 1.09849 1.09863 1.09849 1.09821
08:47:17 1.09807 1.09822 1.09854 1.09822
08:50:14 1.09851 1.09865 1.09851 1.09819
09:01:01 1.09814 1.09830 1.09863 1.09830
09:15:44 1.09836 1.09851 1.09836 1.09806
09:23:15 1.09806 1.09820 1.09839 1.09810
09:45:45 1.09763 1.09779 1.09813 1.09779
09:57:18 1.09803 1.09817 1.09803 1.09774
10:01:56 1.09768 1.09784 1.09819 1.09784
10:12:17 1.09736 1.09752 1.09791 1.09752
10:18:44 1.09688 1.09703 1.09736 1.09703
10:24:03 1.09685 1.09699 1.09719 1.09689
10:27:20 1.09727 1.09742 1.09727 1.09697
10:34:18 1.09749 1.09763 1.09749 1.09719
10:38:51 1.09782 1.09796 1.09782 1.09754
11:00:53 1.09754 1.09769 1.09795 1.09764
11:10:16 1.09792 1.09807 1.09793 1.09762
11:14:43 1.09749 1.09763 1.09795 1.09763
11:28:00 1.09756 1.09770 1.09777 1.09749
11:48:03 1.09729 1.09744 1.09769 1.09738
11:51:59 1.09761 1.09775 1.09763 1.09735
11:59:46 1.09779 1.09793 1.09779 1.09751
12:00:54 1.09820 1.09836 1.09820 1.09787
12:03:36 1.09851 1.09866 1.09851 1.09821
12:11:34 1.09820 1.09835 1.09866 1.09835
12:15:01 1.09688 1.09716 1.09833 1.09716
12:15:42 1.09718 1.09735 1.09718 1.09681
12:15:51 1.09683 1.09697 1.09731 1.09697
12:16:17 1.09717 1.09732 1.09717 1.09681
12:16:48 1.09762 1.09779 1.09762 1.09728
12:17:36 1.09721 1.09737 1.09768 1.09734
12:18:36 1.09763 1.09778 1.09763 1.09733
12:20:01 1.09729 1.09743 1.09776 1.09743
12:22:01 1.09721 1.09736 1.09742 1.09712
12:25:18 1.09681 1.09695 1.09725 1.09695
12:26:22 1.09708 1.09724 1.09708 1.09668
12:27:04 1.09710 1.09726 1.09717 1.09684
12:29:17 1.09729 1.09743 1.09739 1.09711
12:31:57 1.09688 1.09702 1.09732 1.09702
12:32:31 1.09640 1.09654 1.09688 1.09654
12:34:22 1.09609 1.09623 1.09650 1.09621
12:36:17 1.09600 1.09614 1.09644 1.09614
12:37:12 1.09631 1.09645 1.09631 1.09603
12:39:47 1.09596 1.09610 1.09640 1.09610
12:41:10 1.09616 1.09632 1.09616 1.09583
12:48:08 1.09632 1.09646 1.09632 1.09604
12:49:50 1.09671 1.09685 1.09671 1.09643
12:52:45 1.09640 1.09654 1.09678 1.09649
12:59:14 1.09596 1.09610 1.09640 1.09610
13:05:45 1.09556 1.09570 1.09599 1.09570
13:10:42 1.09575 1.09589 1.09575 1.09546
13:15:06 1.09622 1.09637 1.09622 1.09589
13:19:03 1.09647 1.09661 1.09662 1.09634
13:27:00 1.09624 1.09638 1.09672 1.09638
13:34:45 1.09600 1.09615 1.09646 1.09615
13:36:23 1.09629 1.09644 1.09639 1.09609
13:38:23 1.09590 1.09604 1.09634 1.09604
13:41:28 1.09546 1.09560 1.09590 1.09560
13:43:20 1.09524 1.09538 1.09562 1.09533
13:44:30 1.09568 1.09583 1.09568 1.09538
13:46:14 1.09529 1.09544 1.09575 1.09544
13:47:02 1.09551 1.09567 1.09551 1.09516
13:51:22 1.09565 1.09579 1.09568 1.09540
13:52:49 1.09551 1.09565 1.09600 1.09565
13:54:19 1.09516 1.09530 1.09558 1.09529
14:00:57 1.09475 1.09489 1.09529 1.09489
14:04:07 1.09453 1.09468 1.09497 1.09465
14:07:06 1.09483 1.09499 1.09483 1.09450
14:09:46 1.09447 1.09461 1.09491 1.09461
14:10:38 1.09403 1.09417 1.09447 1.09417
14:11:50 1.09365 1.09379 1.09414 1.09379
14:19:05 1.09335 1.09349 1.09379 1.09349
14:24:18 1.09308 1.09322 1.09359 1.09322
14:26:06 1.09274 1.09288 1.09317 1.09288
14:27:03 1.09224 1.09238 1.09275 1.09238
14:28:48 1.09183 1.09198 1.09231 1.09198
14:31:03 1.09218 1.09232 1.09218 1.09190
14:33:36 1.09257 1.09273 1.09257 1.09221
14:37:56 1.09292 1.09307 1.09292 1.09261
14:40:21 1.09261 1.09275 1.09308 1.09275
14:41:32 1.09224 1.09238 1.09268 1.09238
14:42:53 1.09251 1.09265 1.09251 1.09221
14:44:04 1.09211 1.09227 1.09258 1.09225
14:46:35 1.09240 1.09257 1.09240 1.09205
14:51:14 1.09254 1.09268 1.09254 1.09222
14:53:05 1.09216 1.09232 1.09267 1.09232
14:54:53 1.09251 1.09265 1.09255 1.09227
14:55:35 1.09307 1.09324 1.09307 1.09265
14:56:39 1.09271 1.09286 1.09318 1.09286
15:01:00 1.09292 1.09306 1.09292 1.09264
15:02:19 1.09247 1.09261 1.09292 1.09261
15:04:49 1.09263 1.09277 1.09266 1.09238
15:06:25 1.09308 1.09322 1.09308 1.09276
15:10:00 1.09285 1.09301 1.09335 1.09301
15:17:60 1.09263 1.09277 1.09308 1.09277
15:20:59 1.09290 1.09304 1.09290 1.09261
15:22:35 1.09331 1.09345 1.09331 1.09301
15:29:01 1.09367 1.09381 1.09367 1.09336
15:33:25 1.09401 1.09415 1.09401 1.09370
15:38:37 1.09390 1.09404 1.09433 1.09404
15:48:49 1.09363 1.09377 1.09404 1.09374
15:58:43 1.09375 1.09389 1.09375 1.09347
16:04:07 1.09416 1.09431 1.09416 1.09386
16:11:58 1.09397 1.09412 1.09444 1.09412
16:22:55 1.09407 1.09422 1.09407 1.09377
16:27:42 1.09451 1.09465 1.09451 1.09420
16:37:10 1.09466 1.09480 1.09466 1.09432
16:43:19 1.09441 1.09455 1.09482 1.09452
16:53:07 1.09473 1.09488 1.09473 1.09440
16:57:03 1.09514 1.09529 1.09514 1.09483
17:01:59 1.09536 1.09551 1.09536 1.09506
17:04:25 1.09557 1.09571 1.09557 1.09529
17:18:32 1.09525 1.09539 1.09569 1.09539
17:32:20 1.09498 1.09512 1.09539 1.09510
17:55:18 1.09480 1.09495 1.09527 1.09495
18:14:55 1.09468 1.09482 1.09486 1.09458
18:30:02 1.09429 1.09443 1.09474 1.09443
19:01:07 1.09444 1.09458 1.09444 1.09415
19:16:23 1.09410 1.09424 1.09451 1.09422
19:27:12 1.09369 1.09383 1.09412 1.09383
19:34:50 1.09344 1.09358 1.09385 1.09356
19:44:15 1.09386 1.09400 1.09386 1.09356
20:01:50 1.09376 1.09390 1.09420 1.09390
22:00:01 1.09388 1.09409 1.09402 1.09360
22:26:14 1.09434 1.09450 1.09434 1.09399
00:01:55 1.09402 1.09417 1.09450 1.09417
00:16:14 1.09382 1.09398 1.09431 1.09398
00:32:48 1.09366 1.09381 1.09410 1.09379
00:57:59 1.09405 1.09419 1.09410 1.09381
01:13:29 1.09414 1.09429 1.09417 1.09387
01:25:53 1.09441 1.09455 1.09441 1.09413
01:34:42 1.09484 1.09498 1.09484 1.09455
01:53:16 1.09443 1.09457 1.09486 1.09456
02:10:35 1.09403 1.09417 1.09446 1.09417
02:49:18 1.09365 1.09381 1.09415 1.09381
03:00:42 1.09329 1.09343 1.09372 1.09343
03:44:01 1.09299 1.09313 1.09341 1.09312
03:58:11 1.09342 1.09356 1.09342 1.09313
04:33:34 1.09301 1.09317 1.09352 1.09317
04:42:21 1.09246 1.09260 1.09303 1.09260
05:01:09 1.09204 1.09218 1.09247 1.09217
05:15:19 1.09229 1.09244 1.09230 1.09200
05:22:23 1.09268 1.09282 1.09268 1.09240
05:36:48 1.09311 1.09326 1.09311 1.09281
05:41:58 1.09270 1.09286 1.09315 1.09282
05:51:14 1.09310 1.09326 1.09310 1.09278
05:56:19 1.09351 1.09367 1.09351 1.09319
05:58:33 1.09395 1.09412 1.09398 1.09364
06:00:26 1.09358 1.09372 1.09401 1.09372
06:02:07 1.09385 1.09400 1.09385 1.09353
06:05:24 1.09420 1.09436 1.09420 1.09383
06:11:09 1.09380 1.09394 1.09426 1.09394
06:17:18 1.09409 1.09424 1.09409 1.09379
06:21:44 1.09369 1.09383 1.09417 1.09383
06:28:11 1.09386 1.09402 1.09386 1.09354
06:34:53 1.09369 1.09383 1.09390 1.09362
06:37:28 1.09319 1.09335 1.09369 1.09335
06:44:42 1.09291 1.09305 1.09335 1.09305
06:48:10 1.09264 1.09278 1.09300 1.09271
06:52:46 1.09217 1.09231 1.09264 1.09231
06:56:44 1.09199 1.09213 1.09243 1.09213
07:03:57 1.09190 1.09205 1.09236 1.09205
07:04:40 1.09152 1.09167 1.09196 1.09165
07:07:46 1.09190 1.09204 1.09192 1.09163
07:09:22 1.09175 1.09191 1.09224 1.09191
07:10:12 1.09224 1.09240 1.09224 1.09191
07:11:06 1.09190 1.09205 1.09236 1.09205
07:15:56 1.09152 1.09169 1.09207 1.09169
07:20:04 1.09175 1.09189 1.09175 1.09147
07:21:54 1.09156 1.09171 1.09202 1.09171
07:23:37 1.09193 1.09208 1.09193 1.09161
07:29:00 1.09161 1.09176 1.09208 1.09176
07:31:39 1.09207 1.09222 1.09207 1.09175
07:31:60 1.09256 1.09272 1.09256 1.09221
07:37:44 1.09224 1.09240 1.09273 1.09240
07:47:08 1.09210 1.09224 1.09244 1.09215
07:51:24 1.09174 1.09189 1.09220 1.09189
07:53:07 1.09212 1.09229 1.09213 1.09179
07:55:15 1.09229 1.09245 1.09229 1.09193
07:57:01 1.09190 1.09205 1.09240 1.09205
07:58:54 1.09222 1.09237 1.09222 1.09190
08:00:01 1.09175 1.09190 1.09223 1.09190
08:02:59 1.09153 1.09168 1.09200 1.09168
08:08:06 1.09177 1.09191 1.09177 1.09149
08:11:25 1.09223 1.09237 1.09223 1.09179
08:16:01 1.09180 1.09195 1.09224 1.09193
08:18:05 1.09144 1.09158 1.09185 1.09155
08:24:17 1.09190 1.09207 1.09190 1.09155
08:32:08 1.09168 1.09182 1.09210 1.09181
08:35:42 1.09128 1.09142 1.09170 1.09141
08:44:52 1.09158 1.09172 1.09158 1.09130
08:55:11 1.09196 1.09210 1.09201 1.09172
08:58:06 1.09233 1.09247 1.09233 1.09205
09:01:47 1.09266 1.09282 1.09266 1.09234
09:04:30 1.09297 1.09312 1.09297 1.09267
09:06:27 1.09329 1.09343 1.09332 1.09304
09:09:36 1.09319 1.09333 1.09362 1.09333
09:12:04 1.09362 1.09377 1.09362 1.09332
09:15:30 1.09331 1.09346 1.09377 1.09345
09:21:27 1.09311 1.09325 1.09350 1.09320
09:27:55 1.09275 1.09290 1.09321 1.09290
09:34:28 1.09239 1.09253 1.09278 1.09249
09:40:49 1.09280 1.09294 1.09280 1.09250
09:45:17 1.09246 1.09260 1.09290 1.09260
09:53:05 1.09281 1.09297 1.09285 1.09252
09:54:13 1.09329 1.09343 1.09329 1.09295
09:55:13 1.09283 1.09298 1.09329 1.09298
10:07:00 1.09275 1.09291 1.09324 1.09291
10:12:40 1.09238 1.09254 1.09287 1.09254
10:21:46 1.09256 1.09270 1.09256 1.09225
10:29:05 1.09216 1.09230 1.09256 1.09226
10:41:03 1.09258 1.09272 1.09258 1.09227
10:45:33 1.09298 1.09312 1.09298 1.09270
10:58:13 1.09345 1.09361 1.09345 1.09311
11:00:03 1.09285 1.09303 1.09350 1.09303
11:00:22 1.09338 1.09354 1.09338 1.09301
11:03:12 1.09302 1.09318 1.09351 1.09318
11:05:16 1.09264 1.09280 1.09314 1.09280
11:08:14 1.09241 1.09255 1.09285 1.09255
11:09:47 1.09280 1.09294 1.09280 1.09250
11:12:58 1.09307 1.09321 1.09307 1.09279
11:15:55 1.09335 1.09350 1.09335 1.09305
11:17:06 1.09363 1.09377 1.09378 1.09350
11:19:27 1.09409 1.09425 1.09409 1.09375
11:21:18 1.09365 1.09380 1.09412 1.09380
11:23:51 1.09328 1.09342 1.09371 1.09342
11:25:38 1.09290 1.09304 1.09334 1.09304
11:28:36 1.09316 1.09333 1.09316 1.09282
11:32:26 1.09348 1.09363 1.09349 1.09318
11:37:11 1.09361 1.09377 1.09361 1.09329
11:38:36 1.09399 1.09413 1.09399 1.09371
11:38:54 1.09454 1.09468 1.09454 1.09412
11:39:17 1.09410 1.09424 1.09455 1.09424
11:39:35 1.09446 1.09461 1.09446 1.09413
11:42:21 1.09412 1.09426 1.09454 1.09425
11:46:49 1.09441 1.09456 1.09441 1.09411
11:48:52 1.09477 1.09491 1.09477 1.09448
11:52:48 1.09439 1.09453 1.09482 1.09452
11:55:02 1.09409 1.09423 1.09453 1.09423
11:56:60 1.09380 1.09394 1.09425 1.09394
11:57:51 1.09351 1.09365 1.09380 1.09351
12:01:33 1.09307 1.09322 1.09353 1.09322
12:02:33 1.09332 1.09346 1.09332 1.09303
12:05:07 1.09310 1.09325 1.09351 1.09320
12:10:09 1.09295 1.09309 1.09341 1.09309
12:12:41 1.09327 1.09344 1.09327 1.09293
12:16:54 1.09315 1.09330 1.09362 1.09330
12:22:25 1.09270 1.09286 1.09319 1.09286
12:26:23 1.09273 1.09287 1.09304 1.09275
12:30:02 1.09315 1.09338 1.09315 1.09263
12:30:07 1.09380 1.09394 1.09380 1.09326
12:30:20 1.09341 1.09356 1.09388 1.09356
12:30:46 1.09298 1.09312 1.09346 1.09312
12:31:05 1.09273 1.09290 1.09325 1.09290
12:31:30 1.09327 1.09345 1.09327 1.09288
12:31:44 1.09273 1.09291 1.09328 1.09291
12:31:58 1.09224 1.09240 1.09273 1.09240
12:32:14 1.09264 1.09279 1.09264 1.09231
12:32:36 1.09223 1.09239 1.09272 1.09239
12:33:30 1.09266 1.09282 1.09266 1.09231
12:34:10 1.09297 1.09313 1.09297 1.09265
12:35:02 1.09255 1.09270 1.09304 1.09270
12:35:22 1.09294 1.09310 1.09298 1.09266
12:36:33 1.09334 1.09348 1.09334 1.09306
12:37:40 1.09319 1.09333 1.09363 1.09333
12:39:02 1.09357 1.09372 1.09360 1.09329
12:39:56 1.09400 1.09414 1.09400 1.09372
12:40:16 1.09444 1.09460 1.09444 1.09407
12:41:41 1.09468 1.09483 1.09468 1.09437
12:42:16 1.09519 1.09534 1.09519 1.09483
12:43:11 1.09548 1.09563 1.09548 1.09514
12:44:19 1.09512 1.09526 1.09556 1.09526
12:45:32 1.09485 1.09499 1.09528 1.09499
12:46:26 1.09525 1.09540 1.09525 1.09487
12:46:60 1.09475 1.09491 1.09527 1.09491
12:48:22 1.09432 1.09447 1.09479 1.09447
12:49:33 1.09427 1.09442 1.09473 1.09442
12:51:24 1.09467 1.09482 1.09468 1.09438
12:53:33 1.09495 1.09509 1.09495 1.09464
12:54:42 1.09450 1.09464 1.09495 1.09464
12:55:11 1.09417 1.09431 1.09460 1.09431
12:55:49 1.09399 1.09414 1.09445 1.09414
13:00:23 1.09359 1.09374 1.09405 1.09374
13:01:29 1.09329 1.09343 1.09372 1.09343
13:02:35 1.09289 1.09304 1.09338 1.09304
13:05:31 1.09308 1.09322 1.09310 1.09282
13:09:15 1.09283 1.09298 1.09330 1.09298
13:10:23 1.09271 1.09285 1.09288 1.09258
13:12:11 1.09241 1.09255 1.09287 1.09255
13:15:37 1.09275 1.09289 1.09275 1.09247
13:16:25 1.09251 1.09265 1.09283 1.09253
13:19:07 1.09279 1.09296 1.09279 1.09245
13:20:38 1.09300 1.09315 1.09300 1.09270
13:26:12 1.09326 1.09340 1.09329 1.09300
13:27:23 1.09285 1.09299 1.09329 1.09299
13:30:57 1.09251 1.09267 1.09300 1.09267
13:33:15 1.09295 1.09309 1.09295 1.09261
13:35:42 1.09307 1.09322 1.09307 1.09275
13:37:33 1.09287 1.09301 1.09330 1.09301
13:38:54 1.09243 1.09259 1.09292 1.09259
13:41:04 1.09204 1.09220 1.09253 1.09220
13:41:44 1.09156 1.09171 1.09204 1.09171
13:43:48 1.09196 1.09211 1.09200 1.09170
13:47:10 1.09172 1.09186 1.09217 1.09186
13:49:25 1.09203 1.09217 1.09212 1.09184
13:51:21 1.09178 1.09193 1.09226 1.09193
13:51:45 1.09221 1.09236 1.09221 1.09191
13:52:36 1.09193 1.09207 1.09221 1.09192
13:55:33 1.09149 1.09164 1.09197 1.09164
13:58:59 1.09189 1.09203 1.09193 1.09164
14:00:00 1.09216 1.09230 1.09216 1.09184
14:00:04 1.09170 1.09187 1.09224 1.09187
14:00:12 1.09196 1.09210 1.09216 1.09187
14:00:28 1.09239 1.09255 1.09242 1.09209
14:01:04 1.09213 1.09228 1.09258 1.09227
14:02:30 1.09170 1.09184 1.09213 1.09184
14:03:04 1.09205 1.09222 1.09205 1.09169
14:03:30 1.09227 1.09242 1.09238 1.09208
14:03:53 1.09268 1.09283 1.09268 1.09236
14:05:03 1.09291 1.09306 1.09308 1.09278
14:06:21 1.09308 1.09323 1.09308 1.09278
14:08:03 1.09351 1.09367 1.09351 1.09318
14:08:51 1.09315 1.09330 1.09366 1.09330
14:09:48 1.09289 1.09304 1.09334 1.09303
14:10:24 1.09254 1.09270 1.09304 1.09270
14:11:16 1.09210 1.09225 1.09262 1.09225
14:12:56 1.09246 1.09261 1.09246 1.09215
14:15:55 1.09230 1.09244 1.09248 1.09220
14:17:05 1.09180 1.09196 1.09230 1.09196
14:19:11 1.09195 1.09210 1.09210 1.09180
14:20:02 1.09240 1.09255 1.09240 1.09210
14:23:48 1.09255 1.09270 1.09255 1.09225
14:25:52 1.09302 1.09316 1.09302 1.09270
14:26:36 1.09346 1.09360 1.09346 1.09316
14:28:20 1.09382 1.09397 1.09382 1.09352
14:29:43 1.09412 1.09426 1.09412 1.09383
14:30:21 1.09383 1.09397 1.09424 1.09395
14:35:44 1.09400 1.09416 1.09400 1.09364
14:39:24 1.09447 1.09461 1.09447 1.09408
14:40:13 1.09423 1.09439 1.09472 1.09439
14:42:49 1.09396 1.09410 1.09439 1.09410
14:45:33 1.09355 1.09371 1.09404 1.09371
14:47:21 1.09316 1.09331 1.09366 1.09331
14:52:50 1.09316 1.09331 1.09356 1.09324
14:56:21 1.09348 1.09362 1.09348 1.09316
14:59:17 1.09308 1.09322 1.09352 1.09322
15:03:21 1.09342 1.09358 1.09342 1.09309
15:04:46 1.09376 1.09390 1.09376 1.09348
15:10:27 1.09387 1.09401 1.09387 1.09358
15:12:11 1.09434 1.09448 1.09434 1.09401
15:16:07 1.09455 1.09469 1.09455 1.09424
15:17:51 1.09491 1.09505 1.09491 1.09461
15:18:39 1.09538 1.09554 1.09538 1.09504
15:20:26 1.09492 1.09507 1.09538 1.09507
15:22:01 1.09447 1.09462 1.09495 1.09462
15:25:21 1.09488 1.09503 1.09491 1.09460
15:28:08 1.09519 1.09533 1.09521 1.09492
15:29:44 1.09477 1.09491 1.09521 1.09491
15:31:52 1.09514 1.09529 1.09515 1.09484
15:35:16 1.09492 1.09506 1.09536 1.09506
15:45:48 1.09464 1.09479 1.09509 1.09478
15:46:46 1.09421 1.09435 1.09464 1.09435
15:49:25 1.09456 1.09470 1.09458 1.09429
16:04:17 1.09485 1.09499 1.09485 1.09454
16:10:22 1.09500 1.09514 1.09505 1.09476
16:20:44 1.09525 1.09540 1.09525 1.09492
16:30:01 1.09531 1.09545 1.09531 1.09502
16:38:13 1.09572 1.09587 1.09572 1.09533
16:49:13 1.09606 1.09621 1.09606 1.09568
16:56:37 1.09573 1.09589 1.09622 1.09589
17:00:11 1.09541 1.09556 1.09586 1.09555
17:15:42 1.09523 1.09537 1.09562 1.09533
17:25:45 1.09481 1.09496 1.09528 1.09496
17:29:49 1.09438 1.09453 1.09483 1.09452
17:34:19 1.09474 1.09490 1.09474 1.09442
17:38:55 1.09515 1.09529 1.09515 1.09487
17:48:14 1.09514 1.09529 1.09527 1.09496
17:54:37 1.09474 1.09488 1.09516 1.09487
18:01:10 1.09439 1.09453 1.09483 1.09453
18:03:55 1.09483 1.09498 1.09483 1.09451
18:17:05 1.09501 1.09515 1.09501 1.09473
18:28:22 1.09470 1.09485 1.09516 1.09484
18:53:44 1.09441 1.09455 1.09483 1.09454
19:01:48 1.09410 1.09424 1.09456 1.09424
19:41:45 1.09422 1.09436 1.09422 1.09394
19:59:50 1.09434 1.09449 1.09436 1.09406
20:18:51 1.09477 1.09491 1.09477 1.09445
20:53:21 1.09471 1.09485 1.09496 1.09466
22:16:44 1.09502 1.09518 1.09502 1.09470
00:02:50 1.09481 1.09497 1.09529 1.09496
00:28:23 1.09504 1.09519 1.09504 1.09474
00:41:48 1.09527 1.09543 1.09527 1.09495
00:59:32 1.09541 1.09557 1.09541 1.09509
01:03:36 1.09583 1.09598 1.09584 1.09554
01:09:28 1.09535 1.09551 1.09583 1.09550
01:30:03 1.09580 1.09595 1.09580 1.09550
01:36:52 1.09588 1.09602 1.09600 1.09572
01:48:05 1.09566 1.09580 1.09608 1.09578
02:00:48 1.09584 1.09600 1.09584 1.09551
02:04:29 1.09561 1.09575 1.09604 1.09574
02:13:09 1.09524 1.09539 1.09569 1.09536
02:17:04 1.09565 1.09579 1.09565 1.09536
02:23:45 1.09534 1.09550 1.09583 1.09550
02:37:08 1.09578 1.09592 1.09578 1.09550
02:52:01 1.09538 1.09553 1.09583 1.09552
03:10:52 1.09584 1.09600 1.09584 1.09551
03:42:03 1.09553 1.09567 1.09596 1.09567
04:17:42 1.09506 1.09521 1.09553 1.09521
05:01:18 1.09487 1.09502 1.09531 1.09500
05:14:14 1.09518 1.09533 1.09518 1.09487
05:23:09 1.09557 1.09571 1.09557 1.09526
05:45:38 1.09566 1.09581 1.09568 1.09537
05:56:17 1.09527 1.09542 1.09577 1.09542
06:00:08 1.09555 1.09573 1.09555 1.09516
06:03:57 1.09576 1.09591 1.09577 1.09547
06:08:02 1.09534 1.09548 1.09577 1.09548
06:17:30 1.09555 1.09570 1.09555 1.09525
06:25:42 1.09507 1.09523 1.09557 1.09523
06:32:53 1.09491 1.09506 1.09537 1.09506
06:51:44 1.09463 1.09477 1.09506 1.09477
07:05:06 1.09488 1.09504 1.09488 1.09456
07:08:42 1.09444 1.09458 1.09488 1.09458
07:10:49 1.09477 1.09491 1.09478 1.09449
07:14:00 1.09511 1.09525 1.09511 1.09483
07:15:40 1.09469 1.09485 1.09518 1.09485
07:28:08 1.09481 1.09495 1.09500 1.09471
07:35:18 1.09517 1.09531 1.09519 1.09491
07:42:53 1.09492 1.09506 1.09536 1.09506
07:53:24 1.09455 1.09469 1.09498 1.09469
08:03:29 1.09470 1.09484 1.09483 1.09455
08:07:57 1.09508 1.09524 1.09508 1.09475
08:26:35 1.09470 1.09485 1.09519 1.09485
08:32:57 1.09432 1.09447 1.09481 1.09447
08:41:17 1.09406 1.09420 1.09440 1.09411
08:45:15 1.09371 1.09386 1.09419 1.09386
08:53:57 1.09417 1.09432 1.09417 1.09386
09:03:33 1.09380 1.09394 1.09423 1.09393
09:15:32 1.09420 1.09435 1.09421 1.09391
09:33:29 1.09388 1.09402 1.09430 1.09401
09:36:25 1.09346 1.09360 1.09392 1.09360
09:39:12 1.09393 1.09409 1.09393 1.09360
09:55:41 1.09437 1.09451 1.09437 1.09407
10:14:21 1.09406 1.09422 1.09456 1.09422
10:27:45 1.09434 1.09448 1.09434 1.09400
10:36:23 1.09407 1.09421 1.09451 1.09421
10:37:32 1.09449 1.09463 1.09449 1.09421
10:50:10 1.09436 1.09450 1.09480 1.09450
10:55:03 1.09396 1.09410 1.09439 1.09410
10:59:60 1.09431 1.09445 1.09431 1.09400
11:14:28 1.09396 1.09410 1.09441 1.09410
11:27:40 1.09430 1.09444 1.09430 1.09400
11:29:60 1.09407 1.09421 1.09450 1.09421
11:48:46 1.09399 1.09414 1.09445 1.09414
11:58:10 1.09380 1.09395 1.09427 1.09395
12:04:41 1.09389 1.09403 1.09389 1.09360
12:07:29 1.09430 1.09444 1.09430 1.09401
12:10:45 1.09471 1.09485 1.09472 1.09444
12:13:08 1.09426 1.09441 1.09473 1.09441
12:14:34 1.09447 1.09463 1.09447 1.09415
12:20:18 1.09484 1.09498 1.09484 1.09455
12:24:12 1.09505 1.09519 1.09505 1.09475
12:27:40 1.09488 1.09503 1.09531 1.09500
12:30:01 1.09361 1.09408 1.09504 1.09408
12:30:05 1.09413 1.09427 1.09413 1.09379
12:30:06 1.09491 1.09522 1.09491 1.09424
12:30:07 1.09616 1.09650 1.09616 1.09522
12:30:08 1.09555 1.09579 1.09629 1.09579
12:30:10 1.09548 1.09563 1.09578 1.09540
12:30:12 1.09484 1.09504 1.09569 1.09504
12:30:17 1.09532 1.09546 1.09532 1.09499
12:30:17 1.09583 1.09597 1.09583 1.09546
12:30:22 1.09640 1.09664 1.09640 1.09592
12:30:35 1.09677 1.09691 1.09677 1.09649
12:30:37 1.09733 1.09747 1.09733 1.09691
12:30:49 1.09771 1.09789 1.09771 1.09734
12:30:60 1.09719 1.09737 1.09776 1.09736
12:31:07 1.09669 1.09684 1.09719 1.09684
12:31:25 1.09688 1.09702 1.09688 1.09658
12:31:33 1.09733 1.09747 1.09733 1.09702
12:31:48 1.09712 1.09726 1.09753 1.09724
12:32:05 1.09672 1.09689 1.09724 1.09689
12:32:36 1.09712 1.09726 1.09712 1.09677
12:33:00 1.09740 1.09754 1.09742 1.09714
12:33:19 1.09686 1.09702 1.09744 1.09702
12:33:43 1.09637 1.09652 1.09687 1.09652
12:34:00 1.09599 1.09614 1.09641 1.09610
12:34:09 1.09614 1.09631 1.09614 1.09579
12:34:17 1.09656 1.09670 1.09656 1.09626
12:34:56 1.09612 1.09626 1.09661 1.09626
12:35:10 1.09644 1.09658 1.09650 1.09622
12:35:46 1.09609 1.09623 1.09653 1.09623
12:36:25 1.09620 1.09634 1.09620 1.09587
12:36:54 1.09586 1.09600 1.09632 1.09600
12:37:36 1.09627 1.09641 1.09627 1.09598
12:38:09 1.09595 1.09609 1.09643 1.09609
12:39:00 1.09622 1.09638 1.09622 1.09587
12:39:15 1.09582 1.09596 1.09627 1.09596
12:39:53 1.09602 1.09617 1.09607 1.09575
12:40:16 1.09620 1.09634 1.09620 1.09592
12:40:22 1.09666 1.09680 1.09666 1.09634
12:41:04 1.09707 1.09722 1.09707 1.09672
12:41:56 1.09758 1.09772 1.09758 1.09722
12:43:29 1.09740 1.09754 1.09786 1.09754
12:43:54 1.09782 1.09796 1.09782 1.09753
12:44:05 1.09820 1.09834 1.09820 1.09789
12:44:59 1.09790 1.09804 1.09834 1.09804
12:46:09 1.09832 1.09846 1.09833 1.09804
12:46:30 1.09857 1.09871 1.09857 1.09828
12:46:49 1.09814 1.09828 1.09857 1.09828
12:47:42 1.09843 1.09858 1.09847 1.09817
12:48:19 1.09860 1.09874 1.09860 1.09832
12:49:08 1.09832 1.09847 1.09870 1.09838
12:50:42 1.09873 1.09888 1.09873 1.09833
12:51:08 1.09918 1.09932 1.09918 1.09886
12:51:38 1.09885 1.09900 1.09932 1.09900
12:52:24 1.09914 1.09929 1.09914 1.09883
12:53:01 1.09959 1.09973 1.09959 1.09927
12:53:36 1.09924 1.09939 1.09971 1.09939
12:55:47 1.09895 1.09909 1.09942 1.09909
12:57:06 1.09900 1.09915 1.09900 1.09868
12:58:23 1.09939 1.09954 1.09939 1.09907
12:59:56 1.09895 1.09909 1.09944 1.09909
13:02:16 1.09905 1.09921 1.09905 1.09871
13:02:58 1.09952 1.09966 1.09952 1.09921
13:04:00 1.09971 1.09987 1.09971 1.09936
13:04:44 1.09984 1.09998 1.09984 1.09956
13:05:25 1.10020 1.10034 1.10020 1.09991
13:06:26 1.10053 1.10068 1.10053 1.10023
13:07:10 1.10081 1.10095 1.10084 1.10055
13:07:46 1.10108 1.10122 1.10108 1.10078
13:09:05 1.10093 1.10108 1.10141 1.10108
13:10:18 1.10066 1.10082 1.10115 1.10082
13:10:28 1.10114 1.10129 1.10114 1.10082
13:11:28 1.10070 1.10084 1.10115 1.10084
13:13:23 1.10110 1.10124 1.10110 1.10079
13:13:56 1.10173 1.10187 1.10173 1.10124
13:14:45 1.10197 1.10212 1.10201 1.10170
13:15:26 1.10171 1.10185 1.10212 1.10180
13:16:09 1.10197 1.10213 1.10197 1.10163
13:16:33 1.10230 1.10244 1.10230 1.10199
13:17:00 1.10184 1.10199 1.10230 1.10198
13:18:07 1.10200 1.10216 1.10200 1.10163
13:19:28 1.10184 1.10199 1.10205 1.10175
13:20:48 1.10141 1.10155 1.10184 1.10155
13:22:20 1.10156 1.10170 1.10156 1.10125
13:23:15 1.10197 1.10212 1.10197 1.10167
13:23:42 1.10156 1.10171 1.10205 1.10171
13:25:32 1.10112 1.10127 1.10158 1.10127
13:26:25 1.10145 1.10159 1.10145 1.10115
13:27:37 1.10187 1.10203 1.10187 1.10154
13:30:00 1.10216 1.10231 1.10216 1.10185
13:31:15 1.10260 1.10274 1.10260 1.10228
13:32:04 1.10219 1.10233 1.10264 1.10233
13:34:38 1.10249 1.10263 1.10249 1.10214
13:36:02 1.10217 1.10231 1.10253 1.10224
13:36:31 1.10269 1.10285 1.10269 1.10226
13:38:57 1.10264 1.10278 1.10275 1.10246
13:41:46 1.10244 1.10259 1.10291 1.10259
13:46:13 1.10270 1.10285 1.10270 1.10237
13:47:36 1.10233 1.10247 1.10276 1.10246
13:49:46 1.10273 1.10288 1.10273 1.10242
13:51:35 1.10228 1.10242 1.10273 1.10242
13:53:06 1.10244 1.10260 1.10244 1.10212
13:54:42 1.10203 1.10218 1.10249 1.10218
13:56:29 1.10176 1.10191 1.10221 1.10190
13:58:44 1.10135 1.10149 1.10183 1.10149
14:00:01 1.10101 1.10115 1.10144 1.10115
14:00:40 1.10058 1.10072 1.10101 1.10072
14:02:01 1.10101 1.10115 1.10101 1.10065
14:03:30 1.10141 1.10155 1.10141 1.10113
14:04:10 1.10102 1.10116 1.10146 1.10116
14:04:39 1.10066 1.10080 1.10110 1.10080
14:06:23 1.10051 1.10065 1.10098 1.10065
14:08:46 1.10038 1.10052 1.10078 1.10049
14:10:12 1.10070 1.10086 1.10070 1.10032
14:12:29 1.10108 1.10122 1.10108 1.10080
14:16:11 1.10151 1.10165 1.10151 1.10119
14:18:18 1.10168 1.10183 1.10168 1.10133
14:19:50 1.10202 1.10217 1.10202 1.10172
14:22:56 1.10245 1.10260 1.10245 1.10210
14:25:48 1.10203 1.10217 1.10246 1.10217
14:27:16 1.10171 1.10185 1.10214 1.10185
14:29:26 1.10189 1.10203 1.10189 1.10159
14:30:04 1.10160 1.10174 1.10203 1.10174
14:30:41 1.10197 1.10211 1.10197 1.10167
14:31:06 1.10241 1.10257 1.10241 1.10207
14:35:11 1.10270 1.10284 1.10270 1.10241
14:41:23 1.10238 1.10253 1.10277 1.10246
14:44:36 1.10268 1.10282 1.10268 1.10237
14:45:43 1.10222 1.10237 1.10268 1.10237
14:46:53 1.10248 1.10262 1.10248 1.10217
14:47:18 1.10200 1.10215 1.10249 1.10215
14:49:01 1.10180 1.10194 1.10223 1.10194
14:50:35 1.10218 1.10233 1.10218 1.10184
14:54:24 1.10246 1.10260 1.10256 1.10228
14:57:01 1.10222 1.10236 1.10267 1.10236
15:00:23 1.10246 1.10260 1.10246 1.10211
15:02:35 1.10193 1.10207 1.10246 1.10207
15:04:31 1.10229 1.10243 1.10229 1.10192
15:06:55 1.10250 1.10264 1.10250 1.10220
15:08:49 1.10234 1.10248 1.10280 1.10248
15:10:07 1.10261 1.10278 1.10261 1.10226
15:10:42 1.10304 1.10318 1.10304 1.10275
15:11:48 1.10278 1.10292 1.10330 1.10292
15:12:55 1.10312 1.10327 1.10312 1.10278
15:18:06 1.10353 1.10368 1.10353 1.10323
15:22:12 1.10385 1.10399 1.10385 1.10353
15:26:34 1.10384 1.10398 1.10405 1.10377
15:34:56 1.10337 1.10352 1.10384 1.10352
15:40:38 1.10378 1.10393 1.10382 1.10352
15:52:18 1.10366 1.10380 1.10412 1.10380
16:03:35 1.10380 1.10395 1.10380 1.10349
16:06:54 1.10337 1.10353 1.10386 1.10353
16:08:22 1.10295 1.10309 1.10337 1.10308
16:14:50 1.10325 1.10340 1.10325 1.10295
16:27:30 1.10346 1.10360 1.10348 1.10320
16:32:53 1.10339 1.10353 1.10375 1.10346
16:45:41 1.10359 1.10375 1.10359 1.10326
16:56:09 1.10337 1.10352 1.10383 1.10352
17:13:52 1.10368 1.10383 1.10368 1.10336
17:28:59 1.10331 1.10347 1.10383 1.10347
17:46:47 1.10332 1.10346 1.10352 1.10324
17:57:14 1.10291 1.10306 1.10332 1.10301
18:01:24 1.10246 1.10261 1.10294 1.10261
18:10:41 1.10206 1.10220 1.10249 1.10220
18:14:13 1.10247 1.10261 1.10248 1.10220
18:16:08 1.10203 1.10217 1.10247 1.10217
18:24:03 1.10176 1.10190 1.10219 1.10190
18:32:43 1.10145 1.10160 1.10191 1.10160
18:41:08 1.10131 1.10145 1.10169 1.10139
18:47:51 1.10093 1.10109 1.10142 1.10109
18:51:44 1.10132 1.10146 1.10132 1.10098
18:55:43 1.10084 1.10100 1.10144 1.10100
19:08:28 1.10061 1.10077 1.10111 1.10077
19:40:26 1.10048 1.10063 1.10094 1.10062
20:11:35 1.10071 1.10085 1.10073 1.10045
20:54:16 1.10097 1.10112 1.10102 1.10072
