0.99996 1.00000
1.00019 1.00000
0.99998 1.00000
0.99997 1.00000
0.99993 1.00000
1.00033 1.02419
1.00003 1.02419
0.99989 1.02419
1.00007 1.02419
1.00024 1.02419
1.00049 1.02419
1.00012 1.02419
1.00039 1.04970
1.00067 1.07703
1.00123 1.07703
1.00162 1.07703
1.00158 1.07703
1.00165 1.07703
1.00144 1.07703
1.00157 1.05593
1.00161 1.05593
1.00181 1.05593
1.00144 1.05593
1.00173 1.05593
1.00172 1.08867
1.00150 1.08867
1.00178 1.11110
1.00196 1.11110
1.00244 1.11110
1.00297 1.16460
1.00330 1.16460
1.00332 1.16460
1.00368 1.16460
1.00412 1.16460
1.00454 1.16460
1.00534 1.16460
1.00592 1.16460
1.00601 1.16460
1.00651 1.16460
1.00654 1.16460
1.00613 1.16460
1.00578 1.16460
1.00612 1.16460
1.00589 1.16460
1.00595 1.16460
1.00647 1.16460
1.00644 1.16460
1.00655 0.97741
1.00651 0.97741
1.00680 0.97741
1.00709 1.01120
1.00677 1.01120
1.00676 1.01120
1.00660 1.01120
1.00674 1.01120
1.00703 1.01120
1.00760 1.01120
1.00808 1.01120
1.00800 1.01120
1.00820 1.01120
1.00888 1.01120
1.00880 1.01120
1.00851 0.94344
1.00803 0.94344
1.00826 0.94344
1.00861 0.92755
1.00838 0.92755
1.00785 0.93223
1.00818 0.93223
1.00838 0.93040
1.00865 0.93040
1.00884 0.93040
1.00868 0.93040
1.00815 0.93040
1.00780 0.93040
1.00808 0.95316
1.00821 0.95316
1.00788 0.95316
1.00793 0.95316
1.00842 0.95316
1.00879 0.99036
1.00882 0.99036
1.00920 0.99036
1.00919 0.99036
1.00928 0.97844
1.00914 0.97844
1.00881 0.97844
1.00843 0.97844
1.00820 0.97844
1.00792 0.97844
1.00769 0.97844
1.00776 0.97844
1.00764 0.95266
1.00748 0.95266
1.00737 0.95266
1.00724 0.95266
1.00747 0.95266
1.00776 0.95266
1.00819 0.95266
1.00838 0.95266
1.00794 0.95266
1.00791 0.96440
1.00771 0.96440
1.00748 0.96440
1.00750 0.96440
1.00725 0.96755
1.00742 0.96755
1.00778 0.96755
1.00770 0.96755
1.00707 0.96755
1.00640 0.99990
1.00659 0.99990
1.00708 0.99990
1.00755 0.99990
1.00762 0.99990
1.00743 0.99990
1.00765 0.99990
1.00813 0.99990
1.00840 1.03742
1.00806 1.03742
1.00767 1.03523
1.00739 1.03523
1.00694 1.03523
1.00627 1.03523
1.00627 1.03523
1.00669 1.03523
1.00661 0.97472
1.00637 0.97472
1.00615 0.97472
1.00578 0.97472
1.00607 0.97472
1.00600 0.97472
1.00558 0.97472
1.00520 0.97472
1.00545 0.97472
1.00530 0.97472
1.00531 0.97472
1.00538 0.97472
1.00513 0.97472
1.00516 0.97472
1.00542 0.97472
1.00540 0.97472
1.00562 0.97472
1.00611 0.97472
1.00638 0.97472
1.00624 0.97472
1.00584 0.97472
1.00565 1.01892
1.00525 1.01892
1.00545 1.01892
1.00573 1.01246
1.00552 1.01246
1.00495 1.01246
1.00498 1.01246
1.00526 1.01246
1.00502 1.01246
1.00532 1.01246
1.00545 1.01246
1.00518 1.01246
1.00498 1.03782
1.00522 1.03782
1.00574 1.06092
1.00570 1.06092
1.00537 1.06092
1.00555 1.07009
1.00599 1.08857
1.00591 1.08857
1.00558 1.09035
1.00524 1.09035
1.00476 1.09035
1.00485 1.09035
1.00543 1.09035
1.00598 1.07636
1.00635 1.07636
1.00626 1.07636
1.00589 1.07636
1.00538 1.05871
1.00485 1.05871
1.00493 1.05871
1.00465 1.05871
1.00435 1.05871
1.00440 1.05871
1.00470 1.05871
1.00466 1.05871
1.00458 1.05871
1.00420 1.05871
1.00387 1.05871
1.00365 1.05871
1.00348 1.05871
1.00375 1.05871
1.00375 0.97260
1.00346 0.97260
1.00303 0.97260
1.00277 1.00472
1.00282 1.00472
1.00300 1.00391
1.00326 1.00391
1.00332 1.00391
1.00348 1.00391
1.00339 1.00391
1.00331 0.99639
1.00333 0.99639
1.00300 0.99639
1.00257 0.99639
1.00204 0.99639
1.00202 0.99639
1.00236 0.96134
1.00247 0.96134
1.00271 0.96134
1.00246 0.96134
1.00239 0.96963
1.00270 0.96963
1.00265 1.00079
1.00284 1.00079
1.00305 1.00079
1.00327 1.00079
1.00319 1.00079
1.00357 1.00079
1.00361 1.00079
1.00400 0.98539
1.00374 0.98539
1.00390 0.98539
1.00407 1.01576
1.00391 1.01576
1.00352 1.01576
1.00384 1.01576
1.00377 1.01576
1.00380 1.01576
1.00372 1.01576
1.00394 1.01576
1.00425 1.01576
1.00451 1.01576
1.00482 1.01576
1.00508 1.01576
1.00529 1.01576
1.00561 1.01576
1.00547 1.01576
1.00565 1.01576
1.00590 1.01576
1.00600 1.01576
1.00548 1.01576
1.00541 0.95474
1.00555 0.95474
1.00578 0.95474
1.00599 0.95474
1.00636 0.95474
1.00701 0.95474
1.00754 1.00992
1.00782 1.00992
1.00810 1.00992
1.00833 1.00992
1.00855 1.00992
1.00849 1.00992
1.00892 1.00992
1.00886 1.00992
1.00874 0.94208
1.00879 0.94208
1.00876 0.97339
1.00896 1.00845
1.00925 1.04870
1.00967 1.04870
1.00987 1.04870
1.00977 1.04870
1.00955 1.04478
1.00921 1.04478
1.00889 1.04478
1.00851 1.04478
1.00874 1.04478
1.00863 1.02096
1.00898 1.04213
1.00883 1.07422
1.00856 1.10396
1.00869 1.10396
1.00848 1.10396
1.00817 1.10396
1.00827 1.10396
1.00865 1.10396
1.00864 1.10396
1.00824 1.10396
1.00830 1.10396
1.00859 1.10466
1.00833 1.10466
1.00845 1.10466
1.00828 1.10466
1.00775 1.10466
1.00792 1.14214
1.00850 1.14214
1.00914 1.14214
1.00967 1.14214
1.00936 1.22897
1.00932 1.22897
1.00916 1.22897
1.00890 1.22897
1.00854 1.26674
1.00839 1.26674
1.00863 1.26674
1.00891 1.26674
1.00883 1.26674
1.00897 1.26674
1.00893 1.26674
1.00870 1.26674
1.00884 1.26674
1.00919 1.26674
1.00913 1.29953
1.00891 1.29953
1.00863 1.29953
1.00867 1.34772
1.00895 1.34772
1.00924 1.38318
1.00904 1.38318
1.00871 1.38318
1.00846 1.42494
1.00838 1.42494
1.00822 1.42494
1.00791 1.42494
1.00767 1.42494
1.00732 1.42494
1.00719 1.42494
1.00686 1.42494
1.00634 1.42494
1.00625 1.42494
1.00636 1.42494
1.00653 1.42494
1.00624 1.42494
1.00592 1.42494
1.00608 1.42494
1.00643 1.42494
1.00641 1.31732
1.00664 1.34213
1.00649 1.38362
1.00614 1.38362
1.00697 1.44537
1.00748 1.44537
1.00722 1.44537
1.00753 1.44537
1.00743 1.54280
1.00695 1.55956
1.00698 1.55956
1.00715 1.55956
1.00764 1.55956
1.00775 1.55956
1.00809 1.55956
1.00843 1.55956
1.00818 1.64323
1.00845 1.64323
1.00894 1.64323
1.00897 1.64323
1.00876 1.64323
1.00813 1.62775
1.00767 1.62775
1.00732 1.62775
1.00751 1.62775
1.00744 1.54283
1.00758 1.54283
1.00740 1.54283
1.00759 1.54283
1.00766 1.54283
1.00782 1.54283
1.00754 1.54283
1.00771 1.54283
1.00741 1.54283
1.00749 1.54283
1.00733 1.54283
1.00743 1.55496
1.00765 1.55496
1.00801 1.55496
1.00806 1.60734
1.00828 1.60734
1.00853 1.60734
1.00896 1.60734
1.00889 1.60734
1.00894 1.60734
1.00915 1.60734
1.00885 1.60734
1.00847 1.60734
1.00802 1.60474
1.00773 1.60474
1.00777 1.60474
1.00792 1.60474
1.00792 1.60474
1.00817 1.60474
1.00853 1.61337
1.00845 1.61337
1.00857 1.61337
1.00836 1.61337
1.00837 1.63020
1.00855 1.63020
1.00874 1.63020
1.00910 1.69893
1.00921 1.69893
1.00942 1.69893
1.00986 1.69893
1.01033 1.69893
1.01084 1.69893
1.01074 1.69893
1.01096 1.69893
1.01064 1.69893
1.01064 1.59763
1.01042 1.59763
1.00993 1.59763
1.01009 1.59763
1.01047 1.59763
1.01033 1.60114
1.01018 1.60114
1.01050 1.60114
1.01041 1.60114
1.01069 1.63280
1.01112 1.67973
1.01118 1.67973
1.01141 1.67973
1.01169 1.67973
1.01189 1.67973
1.01239 1.67973
1.01239 1.67973
1.01252 1.67973
1.01239 1.67973
1.01202 1.67973
1.01228 1.62232
1.01259 1.67146
1.01284 1.67146
1.01312 1.67146
1.01358 1.67146
1.01410 1.67146
1.01445 1.67146
1.01434 1.67146
1.01441 1.67146
1.01464 1.67146
1.01439 1.67146
1.01451 1.53776
1.01428 1.55837
1.01430 1.60390
1.01435 1.60390
1.01451 1.60390
1.01495 1.60390
1.01525 1.67567
1.01538 1.67567
1.01509 1.67567
1.01466 1.68688
1.01425 1.68688
1.01443 1.68688
1.01436 1.68688
1.01392 1.68688
1.01426 1.68688
1.01384 1.63886
1.01326 1.66245
1.01292 1.66245
1.01300 1.66245
1.01267 1.66245
1.01276 1.66245
1.01291 1.59303
1.01296 1.59303
1.01307 1.59303
1.01332 1.59303
1.01357 1.59303
1.01380 1.59303
1.01393 1.59303
1.01389 1.59303
1.01409 1.59303
1.01385 1.59303
1.01354 1.54373
1.01375 1.54373
1.01403 1.56797
1.01422 1.56797
1.01387 1.56797
1.01318 1.56797
1.01331 1.61245
1.01310 1.61245
1.01302 1.61245
1.01286 1.61245
1.01313 1.61245
1.01281 1.62367
1.01286 1.68210
1.01261 1.68210
1.01240 1.68210
1.01276 1.68210
1.01301 1.69413
1.01325 1.69413
1.01325 1.69413
1.01344 1.69413
1.01328 1.69413
1.01293 1.69413
1.01304 1.69413
1.01340 1.69413
1.01324 1.69413
1.01282 1.69413
1.01241 1.68124
1.01238 1.68124
1.01211 1.68124
1.01174 1.68124
1.01135 1.68124
1.01086 1.68124
1.01050 1.68124
1.01054 1.68124
1.01025 1.68124
1.01036 1.68124
1.01021 1.68124
1.00987 1.68124
1.00958 1.68124
1.00937 1.68124
1.00980 1.68124
1.01018 1.46783
1.01052 1.46783
1.01103 1.46783
1.01148 1.46783
1.01184 1.46783
1.01204 1.46783
1.01236 1.46783
1.01213 1.46783
1.01219 1.32401
1.01258 1.32401
1.01240 1.37421
1.01206 1.39713
1.01166 1.39713
1.01145 1.39713
1.01116 1.39713
1.01089 1.39713
1.01056 1.39713
1.01020 1.39713
1.01000 1.39713
1.00965 1.39713
1.00909 1.39713
1.00901 1.39713
1.00880 1.39713
1.00829 1.39713
1.00780 1.39713
1.00795 1.39713
1.00771 1.39713
1.00743 1.39713
1.00696 1.39713
1.00660 1.39713
1.00659 1.39713
1.00646 1.08718
1.00679 1.08718
1.00719 1.08718
1.00696 1.08718
1.00709 1.09587
1.00728 1.09587
1.00700 1.13504
1.00647 1.16999
1.00663 1.16999
1.00679 1.16999
1.00665 1.18204
1.00677 1.18204
1.00655 1.18204
1.00671 1.18204
1.00632 1.18204
1.00582 1.21646
1.00596 1.21646
1.00539 1.20744
1.00495 1.24729
1.00509 1.24729
1.00535 1.24729
1.00564 1.24729
1.00599 1.24729
1.00587 1.28133
1.00606 1.29375
1.00655 1.29375
1.00658 1.33519
1.00643 1.33519
1.00673 1.33519
1.00704 1.33519
1.00706 1.33519
1.00724 1.33519
1.00762 1.33519
1.00789 1.33519
1.00812 1.33519
1.00789 1.33519
1.00754 1.26411
1.00701 1.26411
1.00660 1.26411
1.00650 1.26411
1.00666 1.26411
1.00658 1.26411
1.00649 1.26411
1.00601 1.26411
1.00635 1.26411
1.00663 1.26411
1.00653 1.26411
1.00634 1.26411
1.00619 1.26411
1.00639 1.26411
1.00650 1.26411
1.00630 1.26411
1.00585 1.26411
1.00617 1.26411
1.00605 1.16246
1.00627 1.16927
1.00609 1.16927
1.00632 1.16927
1.00680 1.19289
1.00678 1.19289
1.00714 1.19289
1.00693 1.19289
1.00698 1.19289
1.00713 1.19289
1.00763 1.19289
1.00760 1.19289
1.00792 1.15530
1.00782 1.20024
1.00740 1.23180
1.00756 1.23180
1.00798 1.25203
1.00817 1.25203
1.00848 1.25203
1.00847 1.25203
1.00900 1.23362
1.00945 1.27297
1.00939 1.27297
1.00957 1.27297
1.00977 1.27297
1.00960 1.27297
1.00937 1.26065
1.00969 1.26065
1.00957 1.29220
1.00910 1.29220
1.00877 1.34170
1.00819 1.34170
1.00834 1.34170
1.00854 1.34170
1.00852 1.34170
1.00903 1.34170
1.00912 1.34846
1.00932 1.34846
1.00884 1.34846
1.00888 1.35733
1.00887 1.35733
1.00900 1.35733
1.00909 1.35733
1.00961 1.35733
1.00965 1.39634
1.00930 1.39634
1.00883 1.39634
1.00838 1.39634
1.00879 1.45750
1.00903 1.45750
1.00937 1.45750
1.00936 1.45750
1.00926 1.45750
1.00903 1.45750
1.00912 1.45750
1.00896 1.45750
1.00919 1.45750
1.00925 1.45750
1.00952 1.45750
1.00944 1.45750
1.00928 1.45750
1.00880 1.45750
1.00846 1.45750
1.00785 1.45750
1.00798 1.45750
1.00788 1.44075
1.00804 1.48298
1.00765 1.48298
1.00782 1.48298
1.00773 1.48298
1.00783 1.48298
1.00807 1.51756
1.00834 1.51756
1.00878 1.51756
1.00892 1.51756
1.00910 1.51756
1.00949 1.51756
1.01018 1.51756
1.01017 1.51756
1.01046 1.51756
1.01004 1.51756
1.00994 1.39436
1.00984 1.39436
1.00992 1.39436
1.00981 1.41065
1.00924 1.45557
1.00936 1.45557
1.00957 1.45557
1.01005 1.45557
1.01046 1.48946
1.01085 1.48946
1.01075 1.48946
1.01081 1.45119
1.01116 1.47762
1.01151 1.47762
1.01185 1.47762
1.01229 1.47762
1.01208 1.47762
1.01180 1.42800
1.01115 1.42800
1.01122 1.42800
1.01158 1.42800
1.01153 1.41278
1.01158 1.41278
1.01191 1.41278
1.01188 1.41278
1.01193 1.41278
1.01239 1.41278
1.01225 1.41278
1.01266 1.40041
1.01257 1.44814
1.01214 1.44814
1.01250 1.49085
1.01240 1.52067
1.01265 1.52067
1.01292 1.52067
1.01317 1.52067
1.01346 1.52067
1.01326 1.52067
1.01333 1.46958
1.01323 1.48272
1.01302 1.52204
1.01318 1.52204
1.01287 1.52204
1.01259 1.52204
1.01289 1.52204
1.01313 1.53325
1.01262 1.53325
1.01226 1.56021
1.01226 1.56021
1.01166 1.56021
1.01146 1.56021
1.01125 1.56021
1.01166 1.56021
1.01202 1.56021
1.01201 1.56021
1.01182 1.56021
1.01185 1.56021
1.01213 1.56021
1.01236 1.56021
1.01287 1.56021
1.01287 1.56021
1.01265 1.56021
1.01237 1.56021
1.01238 1.56021
1.01249 1.56021
1.01279 1.56021
1.01328 1.56021
1.01333 1.56021
1.01315 1.56021
1.01288 1.56021
1.01227 1.56021
1.01237 1.56021
1.01236 1.55390
1.01190 1.55390
1.01195 1.55390
1.01169 1.55390
1.01167 1.55390
1.01152 1.55390
1.01155 1.55390
1.01103 1.55390
1.01105 1.64647
1.01098 1.66057
1.01080 1.66057
1.01069 1.66057
1.01036 1.66057
1.00976 1.74888
1.00998 1.74888
1.00994 1.75896
1.00974 1.75896
1.00981 1.75896
1.01000 1.75896
1.01005 1.75896
1.00965 1.75896
1.00959 1.80332
1.00938 1.80332
1.00912 1.80332
1.00894 1.80332
1.00874 1.80332
1.00856 1.80332
1.00873 1.80332
1.00905 1.80332
1.00921 1.80332
1.00905 1.80332
1.00859 1.80332
1.00862 1.80332
1.00825 1.75563
1.00838 1.81082
1.00871 1.81082
1.00905 1.81082
1.00897 1.89286
1.00919 1.89286
1.00901 1.89286
1.00890 1.91409
1.00924 1.91409
1.00925 1.94539
1.00940 1.94539
1.00940 1.94539
1.00913 1.94539
1.00862 1.94539
1.00818 2.01819
1.00832 2.01819
1.00859 2.01819
1.00853 2.03508
1.00873 2.05595
1.00877 2.05595
1.00899 2.05595
1.00905 2.05595
1.00926 2.05595
1.00920 2.13423
1.00891 2.13423
1.00878 2.13423
1.00850 2.13423
1.00838 2.23196
1.00852 2.23196
1.00876 2.23196
1.00864 2.23196
1.00892 2.23196
1.00889 2.31139
1.00910 2.31139
1.00907 2.31139
1.00878 2.31139
1.00847 2.31139
1.00821 2.40032
1.00835 2.40032
1.00876 2.44619
1.00856 2.44619
1.00871 2.44619
1.00858 2.44619
1.00887 2.47896
1.00907 2.47896
1.00885 2.47896
1.00809 2.47896
1.00728 2.47896
1.00761 2.47896
1.00790 2.39541
1.00818 2.39541
1.00800 2.39541
1.00762 2.34511
1.00776 2.34511
1.00769 2.34808
1.00739 2.34808
1.00719 2.34808
1.00677 2.34808
1.00676 2.47235
1.00652 2.47235
1.00657 2.47235
1.00672 2.46217
1.00655 2.46217
1.00602 2.46217
1.00557 2.54414
1.00524 2.54414
1.00504 2.54414
1.00517 2.54414
1.00500 2.54414
1.00509 2.54414
1.00533 2.54414
1.00571 2.54414
1.00537 2.54414
1.00486 2.54414
1.00495 2.54414
1.00481 2.54414
1.00455 2.54414
1.00451 2.54414
1.00440 2.54414
1.00463 2.54414
1.00461 2.44552
1.00499 2.44552
1.00507 2.44552
1.00469 2.44552
1.00471 2.44552
1.00504 2.44552
1.00493 2.44552
1.00479 2.44552
1.00463 2.44552
1.00472 2.44552
1.00493 2.44552
1.00490 2.44552
1.00471 2.47933
1.00480 2.47933
1.00459 2.47933
1.00471 2.47933
1.00490 2.47933
1.00465 2.54734
1.00456 2.62763
1.00468 2.62763
1.00436 2.62763
1.00401 2.62763
1.00411 2.62763
1.00448 2.62763
1.00499 2.62763
1.00492 2.69194
1.00526 2.69194
1.00526 2.69194
1.00477 2.67882
1.00432 2.67882
1.00409 2.67882
1.00421 2.67882
1.00402 2.67882
1.00366 2.67882
1.00326 2.67882
1.00280 2.67882
1.00244 2.67882
1.00264 2.67882
1.00305 2.40292
1.00330 2.40292
1.00367 2.40292
1.00396 2.40292
1.00392 2.40292
1.00404 2.40292
1.00373 2.40292
1.00364 2.40292
1.00400 2.40292
1.00417 2.40292
1.00440 2.40292
1.00486 2.40292
1.00510 2.40292
1.00556 2.40292
1.00587 2.40292
1.00605 2.40292
1.00597 2.40292
1.00577 2.40292
1.00556 2.07075
1.00572 2.07075
1.00537 2.10064
1.00473 2.16592
1.00485 2.16592
1.00484 2.16592
1.00479 2.16592
1.00485 2.16592
1.00496 2.16592
1.00523 2.16592
1.00515 2.18352
1.00508 2.18352
1.00566 2.18352
1.00582 2.18352
1.00581 2.18352
1.00602 2.18352
1.00583 2.18352
1.00549 2.17188
1.00527 2.17188
1.00539 2.17188
1.00562 2.18818
1.00577 2.18818
1.00620 2.18818
1.00662 2.18818
1.00676 2.18818
1.00661 2.18818
1.00673 2.18818
1.00696 2.18818
1.00683 2.18818
1.00670 2.18818
1.00689 2.18818
1.00689 2.18818
1.00727 2.18818
1.00739 2.18818
1.00773 2.18818
1.00765 2.18818
1.00714 2.01066
1.00723 2.01066
1.00783 2.01066
1.00826 2.01066
1.00841 2.01066
1.00822 2.01066
1.00815 2.01066
1.00796 2.01066
1.00796 2.01066
1.00789 2.04598
1.00755 2.04598
1.00729 2.11005
1.00740 2.11005
1.00732 2.11005
1.00730 2.11005
1.00749 2.11005
1.00745 2.11005
1.00714 2.11005
1.00734 2.11005
1.00760 2.11005
1.00747 2.11005
1.00778 2.11005
1.00772 2.16858
1.00729 2.16858
1.00747 2.23672
1.00745 2.23672
1.00724 2.23672
1.00733 2.23672
1.00760 2.23672
1.00741 2.30085
1.00764 2.30085
1.00759 2.30085
1.00716 2.30085
1.00725 2.30085
1.00712 2.30085
1.00717 2.39498
1.00680 2.39498
1.00695 2.39498
1.00716 2.42071
1.00739 2.42071
1.00793 2.42071
1.00822 2.42071
1.00801 2.42071
1.00748 2.32644
1.00760 2.32644
1.00741 2.29439
1.00751 2.29439
1.00782 2.29439
1.00765 2.29439
1.00763 2.33485
1.00749 2.33485
1.00730 2.33485
1.00713 2.33485
1.00717 2.33485
1.00736 2.36334
1.00747 2.36334
1.00729 2.36334
