1.00023 1.00000
1.00010 1.00000
1.00023 1.00000
1.00038 1.00000
1.00011 1.00000
0.99978 1.01283
0.99932 1.01283
0.99917 1.01283
0.99932 1.01283
0.99930 1.01283
0.99938 1.01283
0.99962 1.01283
0.99985 1.01283
1.00001 1.02207
0.99962 1.02207
0.99965 1.04338
0.99988 1.04338
1.00017 1.06436
1.00042 1.06436
1.00072 1.06436
1.00068 1.06436
1.00041 1.05820
1.00055 1.05820
1.00052 1.06639
1.00029 1.08131
1.00000 1.08131
0.99961 1.08131
0.99978 1.08131
1.00008 1.07256
1.00008 1.07256
1.00038 1.07256
1.00020 1.07256
1.00026 1.06785
0.99993 1.06785
0.99943 1.06785
0.99952 1.06785
1.00001 1.06785
0.99983 1.06730
0.99998 1.06730
1.00026 1.06730
1.00053 1.06730
1.00085 1.06730
1.00074 1.06730
1.00037 1.04756
1.00049 1.04756
1.00070 1.04537
1.00092 1.04537
1.00144 1.04537
1.00112 1.04537
1.00086 1.03114
1.00099 1.03114
1.00134 1.03247
1.00115 1.03247
1.00097 1.03247
1.00066 1.04648
1.00033 1.04648
1.00015 1.04648
1.00044 1.04648
1.00094 1.04648
1.00087 1.05495
1.00102 1.05495
1.00160 1.05495
1.00170 1.05495
1.00181 1.05495
1.00210 1.05495
1.00186 1.05495
1.00186 1.03613
1.00134 1.04990
1.00154 1.07563
1.00163 1.08854
1.00163 1.08854
1.00142 1.08854
1.00115 1.10728
1.00133 1.10728
1.00130 1.10728
1.00109 1.10728
1.00125 1.10728
1.00149 1.12333
1.00160 1.12333
1.00133 1.12333
1.00165 1.12333
1.00161 1.12333
1.00138 1.12333
1.00148 1.13293
1.00173 1.14559
1.00133 1.14559
1.00068 1.16331
1.00112 1.16331
1.00108 1.16056
1.00137 1.16056
1.00133 1.16056
1.00139 1.16056
1.00147 1.16056
1.00112 1.16056
1.00128 1.16533
1.00122 1.18644
1.00087 1.18644
1.00107 1.18644
1.00158 1.18644
1.00150 1.18644
1.00186 1.19931
1.00251 1.22514
1.00239 1.22514
1.00205 1.22139
1.00168 1.22139
1.00169 1.22139
1.00134 1.22014
1.00147 1.22014
1.00111 1.22014
1.00125 1.22014
1.00157 1.22014
1.00175 1.22014
1.00168 1.22014
1.00114 1.22014
1.00112 1.25423
1.00074 1.25423
1.00022 1.25423
1.00039 1.25423
1.00026 1.23298
0.99974 1.23298
0.99973 1.23298
1.00001 1.23298
1.00028 1.23298
1.00019 1.23298
1.00026 1.23298
1.00045 1.23298
1.00066 1.23298
1.00077 1.23298
1.00043 1.23298
1.00045 1.23588
1.00075 1.23588
1.00117 1.23588
1.00167 1.26938
1.00131 1.26938
1.00099 1.26977
1.00070 1.26977
1.00030 1.26977
1.00028 1.26977
1.00015 1.26977
0.99978 1.26977
0.99918 1.26977
0.99889 1.26977
0.99914 1.26977
0.99924 1.20146
0.99919 1.20146
0.99908 1.20146
0.99933 1.20146
0.99974 1.20146
0.99999 1.20146
1.00004 1.20146
0.99957 1.20146
0.99980 1.20146
1.00021 1.20146
1.00096 1.20146
1.00096 1.20146
1.00079 1.20146
1.00100 1.20146
1.00146 1.20146
1.00115 1.20146
1.00075 1.14113
1.00028 1.14113
1.00031 1.14113
1.00064 1.14113
1.00065 1.14113
1.00037 1.14113
1.00054 1.14113
1.00047 1.13128
1.00069 1.13128
1.00059 1.13128
1.00068 1.13128
1.00030 1.13128
1.00002 1.14796
1.00026 1.14796
1.00014 1.14796
1.00003 1.14796
0.99970 1.14796
0.99924 1.14796
0.99879 1.14796
0.99889 1.14796
0.99861 1.11435
0.99827 1.13027
0.99823 1.13027
0.99803 1.13027
0.99823 1.13027
0.99783 1.13027
0.99782 1.13027
0.99815 1.13027
0.99853 1.13027
0.99846 1.13634
0.99850 1.14622
0.99837 1.14622
0.99794 1.14622
0.99759 1.14622
0.99781 1.14622
0.99779 1.13844
0.99796 1.13844
0.99780 1.13844
0.99794 1.15937
0.99787 1.18834
0.99774 1.21875
0.99754 1.21875
0.99759 1.21875
0.99777 1.21875
0.99753 1.21875
0.99759 1.21875
0.99748 1.24007
0.99712 1.24007
0.99677 1.27612
0.99654 1.27612
0.99678 1.27612
0.99683 1.28329
0.99701 1.28329
0.99724 1.28329
0.99720 1.28329
0.99733 1.28700
0.99713 1.28700
0.99733 1.28700
0.99692 1.28700
0.99694 1.28700
0.99711 1.28700
0.99716 1.30026
0.99700 1.30026
0.99668 1.30026
0.99648 1.33337
0.99652 1.33337
0.99609 1.35311
0.99607 1.35311
0.99646 1.35311
0.99619 1.35311
0.99632 1.38078
0.99669 1.38078
0.99666 1.40377
0.99691 1.41799
0.99724 1.44509
0.99752 1.44509
0.99739 1.44509
0.99688 1.44509
0.99638 1.45961
0.99615 1.45961
0.99566 1.45961
0.99565 1.45961
0.99608 1.45961
0.99633 1.43572
0.99667 1.43572
0.99679 1.43572
0.99652 1.43572
0.99611 1.43572
0.99640 1.44513
0.99677 1.44513
0.99699 1.44513
0.99744 1.49576
0.99768 1.49576
0.99766 1.49576
0.99783 1.49576
0.99792 1.49576
0.99772 1.49576
0.99752 1.49576
0.99716 1.49576
0.99676 1.50455
0.99648 1.50455
0.99684 1.50455
0.99682 1.50081
0.99649 1.50081
0.99658 1.52637
0.99647 1.52637
0.99635 1.52637
0.99653 1.52637
0.99645 1.52637
0.99626 1.52637
0.99668 1.52637
0.99723 1.54298
0.99759 1.54298
0.99785 1.54298
0.99781 1.54298
0.99766 1.54298
0.99795 1.54298
0.99791 1.54298
0.99759 1.54298
0.99751 1.51265
0.99770 1.51265
0.99788 1.51265
0.99811 1.51265
0.99793 1.55153
0.99769 1.55153
0.99784 1.55153
0.99761 1.55153
0.99768 1.59432
0.99789 1.59432
0.99770 1.59432
0.99777 1.59432
0.99801 1.59432
0.99794 1.63445
0.99808 1.63445
0.99811 1.63445
0.99829 1.63445
0.99872 1.63445
0.99898 1.63445
0.99933 1.63445
0.99954 1.63445
0.99948 1.63445
0.99963 1.63445
1.00020 1.63445
1.00001 1.63445
1.00018 1.63445
0.99993 1.63445
1.00003 1.63445
1.00047 1.63445
1.00102 1.63445
1.00126 1.63445
1.00133 1.63445
1.00113 1.63445
1.00124 1.52451
1.00146 1.54963
1.00134 1.54963
1.00148 1.57581
1.00121 1.61471
1.00096 1.65670
1.00078 1.65670
1.00063 1.65670
1.00034 1.65670
1.00034 1.65670
1.00064 1.65670
1.00060 1.65785
1.00031 1.65785
1.00003 1.69312
1.00019 1.69312
0.99997 1.71267
1.00012 1.71267
0.99988 1.71267
0.99994 1.74822
1.00036 1.74822
1.00037 1.74822
1.00009 1.74822
0.99970 1.74822
0.99927 1.74822
0.99937 1.74822
0.99968 1.74822
1.00003 1.74822
1.00003 1.74822
1.00026 1.74822
1.00056 1.74822
1.00055 1.74822
1.00026 1.74822
0.99987 1.74822
0.99993 1.74822
0.99973 1.74822
0.99940 1.74822
0.99960 1.74822
0.99948 1.74822
0.99894 1.74822
0.99882 1.74822
0.99904 1.74822
0.99915 1.72448
0.99953 1.72448
1.00000 1.72448
1.00039 1.72448
1.00090 1.72448
1.00129 1.72448
1.00141 1.72448
1.00138 1.72448
1.00189 1.72448
1.00220 1.72448
1.00217 1.72448
1.00236 1.72448
1.00261 1.72448
1.00292 1.72448
1.00262 1.72448
1.00246 1.57047
1.00277 1.57047
1.00265 1.58282
1.00215 1.58282
1.00239 1.61859
1.00288 1.63884
1.00290 1.63884
1.00306 1.63884
1.00340 1.63884
1.00327 1.63884
1.00305 1.62031
1.00338 1.62031
1.00398 1.64293
1.00421 1.64293
1.00414 1.64293
1.00444 1.64293
1.00481 1.64293
1.00506 1.64293
1.00546 1.64293
1.00579 1.64293
1.00609 1.64293
1.00650 1.64293
1.00701 1.64293
1.00677 1.64293
1.00641 1.50461
1.00637 1.50461
1.00648 1.50461
1.00643 1.50461
1.00622 1.50461
1.00628 1.50461
1.00605 1.49163
1.00603 1.51465
1.00585 1.51465
1.00602 1.51465
1.00612 1.53500
1.00632 1.53500
1.00650 1.53500
1.00637 1.53500
1.00659 1.53500
1.00695 1.53500
1.00725 1.53500
1.00723 1.53500
1.00706 1.53500
1.00760 1.52465
1.00756 1.55866
1.00733 1.55866
1.00713 1.57692
1.00683 1.57692
1.00710 1.57692
1.00692 1.58602
1.00667 1.58602
1.00683 1.62580
1.00725 1.62580
1.00699 1.62580
1.00702 1.62580
1.00695 1.62580
1.00721 1.62580
1.00741 1.67606
1.00725 1.67606
1.00686 1.70257
1.00656 1.70257
1.00633 1.70257
1.00646 1.70257
1.00670 1.70257
1.00650 1.70755
1.00611 1.70755
1.00593 1.70755
1.00588 1.70755
1.00622 1.70755
1.00625 1.70755
1.00642 1.70755
1.00659 1.70755
1.00655 1.70755
1.00677 1.70755
1.00695 1.70755
1.00726 1.70755
1.00773 1.70755
1.00796 1.70755
1.00771 1.70755
1.00741 1.70755
1.00723 1.70755
1.00734 1.70755
1.00762 1.70755
1.00763 1.70755
1.00750 1.70755
1.00768 1.70755
1.00763 1.70755
1.00743 1.70755
1.00736 1.70755
1.00708 1.70755
1.00710 1.70755
1.00694 1.70755
1.00657 1.70755
1.00620 1.74231
1.00563 1.74231
1.00587 1.74231
1.00611 1.73451
1.00589 1.73451
1.00579 1.73451
1.00618 1.73451
1.00654 1.73451
1.00690 1.73451
1.00681 1.73451
1.00711 1.73451
1.00771 1.73451
1.00763 1.73451
1.00781 1.73451
1.00809 1.73451
1.00807 1.73451
1.00798 1.64384
1.00802 1.64384
1.00830 1.64384
1.00821 1.66855
1.00848 1.66855
1.00833 1.66855
1.00795 1.66855
1.00793 1.66855
1.00786 1.66855
1.00805 1.66855
1.00829 1.66855
1.00830 1.66855
1.00798 1.66855
1.00799 1.70704
1.00786 1.70704
1.00749 1.70704
1.00769 1.70704
1.00737 1.70704
1.00741 1.70704
1.00732 1.70704
1.00710 1.70704
1.00677 1.70704
1.00644 1.70704
1.00678 1.70704
1.00683 1.66961
1.00712 1.66961
1.00687 1.66961
1.00703 1.67091
1.00674 1.67091
1.00686 1.67091
1.00675 1.67091
1.00673 1.67091
1.00658 1.67091
1.00650 1.67091
1.00607 1.67091
1.00625 1.67091
1.00622 1.67091
1.00659 1.67091
1.00684 1.66752
1.00632 1.66752
1.00582 1.68456
1.00584 1.68456
1.00553 1.68456
1.00558 1.68456
1.00532 1.67198
1.00500 1.67198
1.00499 1.67198
1.00481 1.67198
1.00457 1.67198
1.00471 1.67198
1.00500 1.67198
1.00523 1.67198
1.00506 1.67198
1.00441 1.72441
1.00452 1.72441
1.00441 1.72441
1.00402 1.72441
1.00357 1.72441
1.00369 1.72441
1.00412 1.68697
1.00461 1.68697
1.00463 1.68697
1.00443 1.68697
1.00436 1.68697
1.00446 1.68697
1.00413 1.68697
1.00400 1.68741
1.00402 1.68741
1.00425 1.68741
1.00421 1.71326
