01:07:16 1.10093 1.10109 1.10095 1.10079 1.09995 0
01:13:39 1.10069 1.10086 1.10093 1.10083 1.10011 0
01:19:54 1.10069 1.10084 1.10082 1.10078 1.09941 0
01:26:07 1.10083 1.10101 1.10091 1.10075 1.10042 0
01:32:20 1.10119 1.10135 1.10122 1.10099 1.10148 0
01:38:35 1.10056 1.10073 1.10119 1.10073 1.09957 0
01:44:48 1.10091 1.10106 1.10091 1.10066 1.10055 0
01:51:03 1.10095 1.10109 1.10117 1.10102 1.10117 0
01:57:19 1.10081 1.10097 1.10098 1.10097 1.09936 0
02:03:35 1.10067 1.10083 1.10088 1.10070 1.09957 0
02:09:51 1.10063 1.10079 1.10092 1.10078 1.10050 0
02:16:05 1.10091 1.10107 1.10091 1.10075 1.09982 0
02:22:24 1.10092 1.10108 1.10093 1.10100 1.10081 0
02:28:38 1.10102 1.10117 1.10112 1.10106 1.10085 0
02:34:53 1.10112 1.10130 1.10122 1.10111 1.10061 0
02:41:14 1.10106 1.10122 1.10125 1.10117 1.10052 0
02:47:30 1.10144 1.10159 1.10158 1.10122 1.10154 0
02:53:45 1.10153 1.10169 1.10154 1.10143 1.10072 1.10232
02:59:59 1.10182 1.10197 1.10195 1.10166 1.10212 1.10239
03:06:23 1.10173 1.10187 1.10182 1.10170 1.10057 1.10269
03:12:37 1.10138 1.10152 1.10185 1.10148 1.10058 1.10257
03:18:56 1.10144 1.10159 1.10160 1.10152 1.10020 1.10253
03:25:10 1.10137 1.10154 1.10149 1.10153 1.10052 1.10239
03:31:24 1.10135 1.10151 1.10142 1.10146 1.10013 1.10239
03:37:38 1.10136 1.10151 1.10149 1.10148 1.10108 1.10223
03:43:52 1.10118 1.10132 1.10137 1.10129 1.09943 1.10242
03:50:05 1.10146 1.10161 1.10146 1.10131 1.10113 1.10210
03:56:34 1.10168 1.10183 1.10170 1.10161 1.10200 1.10223
04:02:48 1.10161 1.10177 1.10170 1.10177 1.10090 1.10258
04:09:04 1.10165 1.10180 1.10170 1.10170 1.10050 1.10262
04:15:18 1.10162 1.10179 1.10170 1.10175 1.10102 1.10254
04:21:34 1.10158 1.10174 1.10171 1.10159 1.10030 1.10262
04:27:55 1.10159 1.10175 1.10169 1.10169 1.10113 1.10248
04:34:11 1.10152 1.10169 1.10175 1.10167 1.10100 1.10253
04:40:27 1.10182 1.10198 1.10188 1.10169 1.10149 1.10251
04:46:41 1.10177 1.10192 1.10193 1.10187 1.10157 1.10263
04:52:58 1.10158 1.10173 1.10179 1.10172 1.09996 1.10284
04:59:14 1.10192 1.10206 1.10192 1.10172 1.10164 1.10252
05:05:32 1.10197 1.10212 1.10202 1.10200 0 1.10266
05:11:46 1.10207 1.10224 1.10209 1.10202 0 1.10292
05:18:02 1.10207 1.10221 1.10214 1.10204 0 1.10289
05:24:19 1.10183 1.10197 1.10209 1.10190 0 1.10300
05:30:36 1.10171 1.10186 1.10192 1.10176 0 1.10287
05:36:52 1.10181 1.10197 1.10193 1.10184 0 1.10271
05:43:09 1.10164 1.10182 1.10192 1.10180 0 1.10272
05:49:35 1.10169 1.10185 1.10175 1.10170 0 1.10281
05:55:50 1.10118 1.10134 1.10169 1.10134 0 1.10252
06:02:05 1.10169 1.10185 1.10186 1.10068 0 1.10217
06:08:23 1.10139 1.10155 1.10177 1.10154 0 1.10236
06:14:43 1.10154 1.10170 1.10158 1.10143 0 1.10246
06:20:58 1.10196 1.10210 1.10205 1.10160 0 1.10237
06:27:13 1.10205 1.10220 1.10264 1.10196 1.10240 1.10293
06:33:29 1.10178 1.10192 1.10233 1.10192 0 1.10314
06:39:45 1.10161 1.10176 1.10182 1.10170 0 1.10282
06:45:60 1.10190 1.10205 1.10191 1.10170 0 1.10254
06:52:15 1.10147 1.10163 1.10195 1.10160 0 1.10266
06:58:30 1.10194 1.10208 1.10203 1.10158 0 1.10261
07:04:45 1.10192 1.10207 1.10223 1.10147 0 1.10265
07:11:01 1.10135 1.10149 1.10207 1.10133 0 1.10264
07:17:16 1.10119 1.10134 1.10152 1.10129 0 1.10242
07:23:33 1.10139 1.10154 1.10141 1.10115 0 1.10215
07:29:49 1.10128 1.10142 1.10146 1.10104 0 1.10208
07:36:04 1.10141 1.10157 1.10154 1.10123 0 1.10211
07:42:20 1.10125 1.10141 1.10155 1.10115 0 1.10224
07:48:36 1.10127 1.10142 1.10146 1.10124 0 1.10221
07:54:53 1.10094 1.10110 1.10137 1.10110 0 1.10219
08:01:10 1.10070 1.10085 1.10107 1.10081 0 1.10204
08:07:28 1.10108 1.10124 1.10108 1.10082 0 1.10173
08:13:46 1.10117 1.10131 1.10133 1.10122 0 1.10185
08:20:02 1.10114 1.10128 1.10127 1.10107 0 1.10218
08:26:17 1.10106 1.10122 1.10132 1.10121 0 1.10197
08:32:33 1.10117 1.10133 1.10131 1.10119 0 1.10216
08:38:51 1.10073 1.10088 1.10149 1.10087 0 1.10204
08:45:06 1.10060 1.10077 1.10087 1.10070 0 1.10194
08:51:29 1.10054 1.10068 1.10085 1.10066 0 1.10155
08:57:45 1.10043 1.10059 1.10057 1.10045 0 1.10165
09:04:01 1.10008 1.10025 1.10070 1.10008 0 1.10125
09:10:17 1.09976 1.09990 1.10015 1.09987 0 1.10113
09:16:33 1.09990 1.10005 1.09995 1.09980 0 1.10076
09:22:54 1.09988 1.10002 1.09992 1.09983 0 1.10069
09:29:10 1.10019 1.10034 1.10027 1.09996 0 1.10068
09:35:26 1.10036 1.10053 1.10048 1.10027 0 1.10106
09:41:42 1.10039 1.10054 1.10063 1.10038 0 1.10129
09:48:00 1.10065 1.10083 1.10074 1.10048 0 1.10138
09:54:21 1.10063 1.10078 1.10078 1.10075 0 1.10149
10:00:37 1.10062 1.10077 1.10064 1.10053 0 1.10168
10:06:54 1.10064 1.10078 1.10085 1.10061 0 1.10135
10:13:46 1.10098 1.10114 1.10098 1.10073 0 1.10160
10:20:05 1.10085 1.10100 1.10100 1.10087 0 1.10174
10:26:21 1.10085 1.10099 1.10095 1.10092 0 1.10183
10:32:38 1.10091 1.10106 1.10094 1.10072 0 1.10181
10:38:55 1.10112 1.10127 1.10121 1.10085 0 1.10164
10:45:16 1.10068 1.10083 1.10118 1.10083 0 1.10192
10:51:37 1.10045 1.10061 1.10080 1.10048 0 1.10176
10:57:53 1.10039 1.10054 1.10066 1.10050 0 1.10142
11:04:10 1.10024 1.10039 1.10057 1.10037 0 1.10142
11:10:27 1.10015 1.10030 1.10039 1.10030 0 1.10135
11:16:44 1.10034 1.10049 1.10038 1.10030 0 1.10115
11:23:05 1.10016 1.10030 1.10036 1.10018 0 1.10122
11:29:47 1.09997 1.10011 1.10016 1.10006 0 1.10118
11:36:06 1.09971 1.09987 1.10000 1.09984 0 1.10094
11:42:23 1.09905 1.09920 1.09975 1.09919 0 1.10056
11:48:41 1.09851 1.09866 1.09913 1.09848 0 1.09989
11:54:59 1.09861 1.09875 1.09867 1.09837 0 1.09944
12:01:15 1.09843 1.09858 1.09862 1.09839 0 1.09931
12:07:33 1.09881 1.09897 1.09893 1.09857 0 1.09936
12:15:24 1.09891 1.09905 1.09897 1.09883 0 1.09969
12:21:44 1.09837 1.09852 1.09892 1.09848 0 1.09972
12:28:02 1.09849 1.09864 1.09864 1.09835 0 1.09950
12:34:19 1.09854 1.09868 1.09854 1.09822 0 1.09928
12:40:36 1.09807 1.09822 1.09854 1.09808 0 1.09918
12:46:54 1.09771 1.09786 1.09824 1.09783 0 1.09908
12:53:13 1.09809 1.09823 1.09836 1.09777 0 1.09884
12:59:31 1.09792 1.09807 1.09816 1.09794 0 1.09895
13:05:48 1.09806 1.09823 1.09823 1.09803 0 1.09897
13:12:07 1.09839 1.09854 1.09840 1.09811 0 1.09895
13:18:25 1.09875 1.09890 1.09878 1.09844 0 1.09920
13:24:47 1.09864 1.09878 1.09875 1.09838 0 1.09951
13:31:04 1.09912 1.09926 1.09917 1.09878 0 1.09953
13:37:22 1.09875 1.09890 1.09931 1.09880 0 1.09991
13:43:40 1.09836 1.09850 1.09877 1.09839 0 1.09974
13:49:60 1.09840 1.09854 1.09848 1.09808 0 1.09923
13:56:18 1.09856 1.09871 1.09885 1.09853 0 1.09924
14:02:36 1.09855 1.09871 1.09874 1.09848 0 1.09959
14:08:54 1.09799 1.09815 1.09862 1.09792 0 1.09930
14:15:13 1.09828 1.09844 1.09833 1.09794 0 1.09905
14:21:31 1.09878 1.09893 1.09879 1.09834 0 1.09914
14:27:50 1.09898 1.09913 1.09913 1.09886 1.09888 1.09967
14:34:11 1.09871 1.09887 1.09908 1.09887 0 1.09991
14:40:30 1.09890 1.09904 1.09903 1.09882 0 1.09983
14:46:48 1.09921 1.09936 1.09921 1.09887 0 1.09972
14:53:05 1.09882 1.09898 1.09927 1.09847 0 1.09983
14:59:23 1.09895 1.09910 1.09908 1.09883 0 1.09976
15:05:41 1.09898 1.09912 1.09911 1.09884 0 1.09980
15:12:01 1.09880 1.09895 1.09899 1.09876 0 1.09986
15:18:34 1.09934 1.09949 1.09939 1.09895 0 1.09972
16:55:56 1.09977 1.09993 1.09977 1.09921 1.09909 1.10023
17:02:14 1.10033 1.10049 1.10041 1.09990 1.10052 0
17:08:32 1.10045 1.10059 1.10061 1.10038 1.09998 1.10127
17:14:60 1.10049 1.10064 1.10058 1.10048 1.09955 1.10142
17:21:19 1.10046 1.10061 1.10051 1.10045 1.09925 1.10144
17:27:43 1.10079 1.10095 1.10085 1.10059 1.10121 1.10123
17:34:05 1.10056 1.10071 1.10085 1.10071 1.09988 1.10165
17:40:26 1.10065 1.10081 1.10070 1.10065 1.09912 1.10171
17:46:47 1.10061 1.10075 1.10070 1.10071 1.10020 1.10147
17:53:09 1.10040 1.10056 1.10061 1.10041 1.09862 1.10164
17:59:30 1.10056 1.10071 1.10056 1.10050 1.09993 1.10132
18:05:50 1.10051 1.10065 1.10071 1.10065 1.10075 1.10130
18:12:19 1.10040 1.10054 1.10067 1.10051 0 1.10163
18:18:54 1.10009 1.10024 1.10040 1.10022 0 1.10147
18:25:35 1.09980 1.09995 1.10010 1.09995 0 1.10109
18:31:54 1.09976 1.09990 1.09985 1.09984 0 1.10084
18:38:14 1.09979 1.09993 1.09989 1.09983 0 1.10062
18:44:42 1.10000 1.10016 1.10005 1.09984 0 1.10064
18:51:07 1.09997 1.10012 1.10003 1.10005 0 1.10082
18:57:30 1.09992 1.10008 1.10004 1.10003 0 1.10093
19:03:49 1.09997 1.10012 1.10003 1.10000 0 1.10093
19:10:12 1.09995 1.10009 1.10000 1.09999 0 1.10090
19:16:34 1.09997 1.10012 1.10006 1.10005 0 1.10078
19:22:55 1.10019 1.10035 1.10020 1.10011 0 1.10084
19:29:18 1.10030 1.10046 1.10036 1.10034 0 1.10097
19:35:51 1.10026 1.10040 1.10033 1.10038 0 1.10129
19:42:23 1.10044 1.10059 1.10058 1.10039 0 1.10109
19:48:41 1.10049 1.10063 1.10050 1.10045 0 1.10144
19:55:01 1.10037 1.10052 1.10056 1.10052 0 1.10127
20:01:24 1.10058 1.10074 1.10067 1.10044 0 1.10138
20:07:48 1.10053 1.10069 1.10066 1.10069 0 1.10139
20:14:11 1.10046 1.10062 1.10057 1.10061 0 1.10162
20:20:34 1.10045 1.10061 1.10051 1.10058 0 1.10148
20:26:54 1.10046 1.10062 1.10049 1.10058 0 1.10142
20:33:14 1.10056 1.10071 1.10058 1.10062 0 1.10133
20:39:37 1.10055 1.10070 1.10058 1.10064 0 1.10151
20:46:02 1.10073 1.10090 1.10073 1.10068 0 1.10137
20:52:31 1.10073 1.10087 1.10076 1.10077 0 1.10158
22:25:15 1.10083 1.10098 1.10083 1.10086 0 1.10164
22:31:35 1.10092 1.10106 1.10093 1.10098 0 1.10164
22:37:56 1.10096 1.10115 1.10099 1.10104 0 1.10183
22:44:34 1.10095 1.10112 1.10098 1.10111 0 1.10191
22:50:54 1.10097 1.10113 1.10097 1.10109 0 1.10195
22:57:15 1.10112 1.10127 1.10115 1.10109 0 1.10180
23:03:40 1.10113 1.10129 1.10118 1.10124 0 1.10199
23:10:12 1.10114 1.10129 1.10115 1.10129 0 1.10213
23:16:42 1.10114 1.10131 1.10115 1.10127 0 1.10211
23:23:12 1.10123 1.10138 1.10124 1.10128 0 1.10203
23:29:34 1.10114 1.10128 1.10124 1.10120 0 1.10219
23:35:54 1.10112 1.10126 1.10118 1.10124 0 1.10211
23:42:27 1.10119 1.10135 1.10119 1.10125 0 1.10206
23:49:04 1.10129 1.10145 1.10137 1.10135 0 1.10197
23:55:24 1.10130 1.10147 1.10132 1.10136 0 1.10233
00:01:46 1.10128 1.10143 1.10135 1.10129 0 1.10220
00:08:13 1.10135 1.10150 1.10142 1.10131 0 1.10213
00:14:33 1.10126 1.10143 1.10141 1.10132 0 1.10225
00:20:54 1.10144 1.10159 1.10158 1.10143 0 1.10212
00:27:14 1.10158 1.10174 1.10160 1.10154 0 1.10239
00:33:34 1.10197 1.10215 1.10204 1.10171 0 1.10240
00:39:55 1.10175 1.10191 1.10208 1.10185 0 1.10282
00:46:16 1.10180 1.10195 1.10203 1.10184 0 1.10285
00:52:37 1.10171 1.10186 1.10200 1.10177 0 1.10279
00:58:57 1.10185 1.10201 1.10210 1.10176 0 1.10270
01:05:19 1.10210 1.10226 1.10224 1.10190 0 1.10278
01:11:43 1.10240 1.10256 1.10246 1.10223 0 1.10298
01:18:05 1.10291 1.10306 1.10292 1.10249 0 1.10332
01:24:27 1.10306 1.10321 1.10310 1.10280 0 1.10369
01:30:48 1.10242 1.10258 1.10311 1.10258 0 1.10380
01:37:13 1.10265 1.10282 1.10265 1.10233 0 1.10361
01:43:33 1.10256 1.10273 1.10272 1.10253 0 1.10331
01:49:58 1.10267 1.10283 1.10284 1.10264 0 1.10348
01:56:20 1.10262 1.10278 1.10270 1.10262 0 1.10369
02:02:44 1.10280 1.10295 1.10285 1.10275 0 1.10340
02:09:06 1.10258 1.10272 1.10289 1.10261 0 1.10370
02:15:27 1.10281 1.10295 1.10282 1.10260 0 1.10361
02:21:49 1.10278 1.10294 1.10295 1.10288 0 1.10351
02:28:10 1.10314 1.10328 1.10328 1.10294 0 1.10377
02:34:33 1.10310 1.10324 1.10321 1.10312 0 1.10404
02:40:55 1.10285 1.10300 1.10312 1.10287 0 1.10403
02:47:17 1.10290 1.10304 1.10300 1.10291 0 1.10383
02:53:44 1.10292 1.10307 1.10293 1.10293 0 1.10381
03:00:08 1.10308 1.10323 1.10310 1.10302 0 1.10365
03:06:32 1.10285 1.10300 1.10308 1.10279 0 1.10398
03:12:53 1.10274 1.10291 1.10285 1.10278 0 1.10383
03:19:17 1.10289 1.10303 1.10298 1.10289 0 1.10357
03:25:39 1.10288 1.10302 1.10295 1.10297 0 1.10384
03:32:01 1.10275 1.10292 1.10298 1.10278 0 1.10385
03:38:24 1.10275 1.10289 1.10284 1.10282 0 1.10378
03:44:45 1.10282 1.10299 1.10305 1.10286 0 1.10356
03:51:06 1.10276 1.10292 1.10290 1.10274 0 1.10392
03:57:29 1.10291 1.10308 1.10291 1.10289 0 1.10360
04:04:03 1.10308 1.10323 1.10310 1.10300 0 1.10368
04:10:26 1.10319 1.10333 1.10331 1.10322 0 1.10388
04:16:50 1.10323 1.10340 1.10325 1.10326 0 1.10421
04:23:12 1.10300 1.10314 1.10332 1.10313 0 1.10409
04:29:48 1.10318 1.10332 1.10319 1.10314 0 1.10415
04:36:13 1.10317 1.10333 1.10332 1.10329 0 1.10390
04:42:41 1.10316 1.10332 1.10325 1.10330 0 1.10426
04:49:09 1.10342 1.10358 1.10351 1.10332 0 1.10399
04:55:32 1.10355 1.10372 1.10356 1.10348 0 1.10429
05:01:56 1.10341 1.10356 1.10362 1.10334 0 1.10439
05:08:18 1.10311 1.10326 1.10345 1.10325 0 1.10438
05:14:40 1.10328 1.10343 1.10338 1.10321 0 1.10417
05:21:03 1.10337 1.10353 1.10348 1.10339 0 1.10406
05:27:25 1.10314 1.10329 1.10344 1.10310 0 1.10432
05:33:48 1.10288 1.10305 1.10318 1.10297 0 1.10411
05:40:11 1.10278 1.10292 1.10301 1.10291 0 1.10389
05:47:13 1.10291 1.10307 1.10293 1.10275 0 1.10381
05:53:37 1.10283 1.10297 1.10302 1.10289 0 1.10360
06:00:00 1.10259 1.10274 1.10294 1.10262 0 1.10384
06:06:22 1.10305 1.10321 1.10314 1.10273 0 1.10358
06:12:46 1.10301 1.10315 1.10316 1.10312 0 1.10385
06:19:09 1.10332 1.10348 1.10333 1.10299 0 1.10400
06:25:32 1.10344 1.10358 1.10348 1.10336 0 1.10401
06:31:54 1.10299 1.10314 1.10344 1.10305 0 1.10427
06:38:17 1.10302 1.10318 1.10308 1.10299 0 1.10409
06:44:40 1.10267 1.10281 1.10308 1.10280 0 1.10380
06:51:03 1.10243 1.10259 1.10301 1.10254 0 1.10375
06:57:27 1.10222 1.10238 1.10250 1.10216 0 1.10346
07:03:50 1.10260 1.10275 1.10261 1.10215 0 1.10311
07:10:13 1.10230 1.10247 1.10263 1.10229 0 1.10325
07:16:36 1.10254 1.10269 1.10255 1.10237 0 1.10333
07:23:01 1.10250 1.10265 1.10265 1.10251 0 1.10327
07:29:24 1.10284 1.10300 1.10291 1.10246 0 1.10341
07:35:48 1.10280 1.10295 1.10285 1.10265 0 1.10358
07:42:12 1.10256 1.10271 1.10284 1.10233 0 1.10355
07:48:35 1.10248 1.10262 1.10257 1.10252 0 1.10344
07:54:58 1.10249 1.10264 1.10261 1.10239 0 1.10335
08:01:21 1.10229 1.10245 1.10273 1.10240 0 1.10330
08:07:44 1.10268 1.10283 1.10275 1.10235 0 1.10342
08:14:08 1.10277 1.10292 1.10293 1.10281 0 1.10345
08:20:31 1.10279 1.10294 1.10299 1.10286 0 1.10378
08:26:55 1.10257 1.10271 1.10285 1.10265 0 1.10385
08:33:19 1.10222 1.10237 1.10257 1.10225 0 1.10352
08:39:43 1.10246 1.10260 1.10246 1.10225 0 1.10319
08:46:11 1.10246 1.10261 1.10268 1.10258 0 1.10318
08:52:36 1.10235 1.10251 1.10247 1.10224 0 1.10350
08:59:00 1.10221 1.10235 1.10264 1.10231 0 1.10313
09:05:23 1.10192 1.10208 1.10229 1.10194 0 1.10328
09:11:46 1.10202 1.10218 1.10209 1.10191 0 1.10288
09:18:10 1.10212 1.10227 1.10228 1.10215 0 1.10279
09:24:39 1.10228 1.10244 1.10231 1.10221 0 1.10312
09:31:03 1.10240 1.10256 1.10266 1.10236 0 1.10306
09:37:29 1.10237 1.10252 1.10251 1.10220 0 1.10342
09:43:52 1.10239 1.10254 1.10240 1.10235 0 1.10318
09:50:17 1.10242 1.10258 1.10246 1.10248 0 1.10318
09:56:42 1.10246 1.10262 1.10272 1.10257 0 1.10324
10:03:07 1.10229 1.10243 1.10260 1.10227 0 1.10355
10:09:30 1.10208 1.10224 1.10241 1.10224 0 1.10326
10:15:57 1.10236 1.10250 1.10240 1.10224 0 1.10313
10:22:22 1.10220 1.10235 1.10242 1.10231 0 1.10314
10:28:46 1.10236 1.10251 1.10241 1.10231 0 1.10324
10:35:10 1.10236 1.10251 1.10247 1.10245 0 1.10313
10:41:34 1.10188 1.10204 1.10237 1.10203 0 1.10333
10:47:58 1.10190 1.10204 1.10196 1.10193 0 1.10302
10:54:22 1.10215 1.10231 1.10220 1.10199 0 1.10270
11:00:51 1.10205 1.10219 1.10230 1.10219 0 1.10296
11:07:15 1.10189 1.10206 1.10219 1.10204 0 1.10318
11:13:42 1.10195 1.10209 1.10200 1.10180 0 1.10298
11:20:06 1.10175 1.10190 1.10209 1.10180 0 1.10267
11:26:32 1.10190 1.10204 1.10207 1.10189 0 1.10281
11:32:56 1.10195 1.10209 1.10199 1.10188 0 1.10286
11:39:59 1.10209 1.10225 1.10209 1.10174 0 1.10274
11:46:25 1.10221 1.10237 1.10241 1.10214 0 1.10280
11:52:49 1.10196 1.10211 1.10226 1.10210 0 1.10319
11:59:16 1.10131 1.10145 1.10196 1.10145 0 1.10285
12:05:41 1.10185 1.10200 1.10189 1.10145 0 1.10247
12:12:05 1.10216 1.10230 1.10227 1.10190 0 1.10264
12:18:30 1.10197 1.10212 1.10246 1.10198 0 1.10303
12:24:57 1.10246 1.10260 1.10247 1.10201 0 1.10309
12:31:21 1.10609 1.10623 1.10668 1.10198 1.10469 0
12:37:45 1.10633 1.10648 1.10680 1.10534 1.10562 0
12:44:10 1.10627 1.10641 1.10712 1.10587 1.10577 0
12:50:35 1.10592 1.10607 1.10671 1.10590 1.10516 0
12:56:59 1.10538 1.10553 1.10632 1.10445 1.10392 1.10641
13:03:26 1.10639 1.10654 1.10657 1.10552 1.10602 0
13:09:52 1.10706 1.10721 1.10744 1.10637 1.10680 0
13:16:16 1.10741 1.10757 1.10768 1.10691 1.10671 0
13:22:41 1.10827 1.10841 1.10837 1.10746 1.10791 0
13:29:07 1.10798 1.10814 1.10827 1.10759 1.10693 1.10883
13:35:31 1.10850 1.10864 1.10864 1.10814 1.10847 1.10900
13:41:57 1.10880 1.10895 1.10920 1.10854 1.10881 0
13:48:22 1.10895 1.10912 1.10910 1.10838 1.10754 1.10969
13:54:47 1.10963 1.10978 1.11000 1.10909 1.11004 0
14:01:15 1.10909 1.10924 1.10980 1.10917 1.10832 0
14:07:40 1.10936 1.10951 1.10956 1.10897 1.10813 0
14:14:05 1.11012 1.11027 1.11023 1.10949 1.11027 0
14:20:30 1.11040 1.11054 1.11057 1.10992 1.10989 1.11097
14:26:55 1.10978 1.10994 1.11048 1.10960 0 1.11099
14:33:21 1.11012 1.11026 1.11030 1.10983 0 1.11087
14:39:49 1.11114 1.11129 1.11128 1.11024 1.11114 1.11129
14:46:14 1.11156 1.11173 1.11175 1.11124 1.11140 0
14:52:40 1.11190 1.11204 1.11195 1.11146 1.11101 0
14:59:05 1.11196 1.11210 1.11227 1.11204 1.11230 0
15:05:30 1.11176 1.11190 1.11216 1.11172 1.11045 1.11297
15:11:57 1.11101 1.11116 1.11179 1.11115 1.10982 1.11255
15:18:24 1.11148 1.11163 1.11172 1.11116 1.11086 1.11223
15:24:55 1.11190 1.11204 1.11201 1.11163 1.11195 1.11242
15:31:21 1.11225 1.11241 1.11247 1.11202 1.11130 0
15:37:49 1.11237 1.11252 1.11242 1.11196 1.11131 0
15:44:15 1.11171 1.11186 1.11242 1.11170 1.11113 0
15:50:42 1.11237 1.11252 1.11244 1.11186 1.11198 0
15:57:08 1.11219 1.11235 1.11243 1.11235 1.11197 0
16:03:34 1.11207 1.11223 1.11239 1.11216 1.11099 0
16:09:60 1.11241 1.11258 1.11246 1.11214 1.11185 0
16:16:28 1.11260 1.11276 1.11281 1.11256 1.11311 0
16:22:56 1.11251 1.11266 1.11270 1.11257 1.11131 0
16:29:28 1.11293 1.11307 1.11300 1.11264 1.11301 0
16:35:57 1.11303 1.11319 1.11328 1.11296 1.11216 1.11401
16:42:24 1.11275 1.11290 1.11307 1.11274 1.11140 1.11394
16:48:51 1.11307 1.11321 1.11314 1.11272 1.11251 1.11369
16:55:20 1.11298 1.11314 1.11320 1.11302 1.11191 1.11407
17:01:47 1.11317 1.11331 1.11320 1.11302 1.11244 1.11393
17:08:13 1.11292 1.11308 1.11318 1.11305 1.11232 1.11397
17:14:40 1.11278 1.11294 1.11304 1.11277 1.11121 1.11399
17:21:06 1.11261 1.11275 1.11297 1.11271 1.11200 1.11370
17:27:34 1.11257 1.11271 1.11270 1.11257 1.11096 1.11372
17:34:04 1.11261 1.11275 1.11264 1.11254 1.11179 1.11344
17:40:31 1.11263 1.11279 1.11283 1.11275 1.11309 1.11335
17:46:59 1.11256 1.11271 1.11273 1.11265 1.11103 1.11377
17:53:27 1.11255 1.11270 1.11259 1.11256 1.11108 1.11361
17:59:56 1.11290 1.11304 1.11294 1.11270 1.11295 1.11343
18:06:25 1.11284 1.11299 1.11310 1.11286 0 1.11367
18:12:52 1.11297 1.11312 1.11301 1.11290 0 1.11391
18:19:20 1.11316 1.11331 1.11321 1.11310 0 1.11374
18:25:57 1.11310 1.11325 1.11319 1.11325 0 1.11410
18:32:25 1.11344 1.11358 1.11346 1.11325 0 1.11399
18:38:52 1.11380 1.11396 1.11383 1.11351 0 1.11425
18:45:20 1.11342 1.11356 1.11394 1.11356 0 1.11475
18:51:47 1.11346 1.11360 1.11362 1.11346 0 1.11428
18:58:14 1.11371 1.11386 1.11371 1.11356 0 1.11439
19:04:45 1.11352 1.11367 1.11378 1.11366 0 1.11449
19:11:14 1.11354 1.11369 1.11370 1.11361 0 1.11466
19:17:50 1.11356 1.11370 1.11372 1.11367 0 1.11456
19:24:17 1.11332 1.11348 1.11356 1.11344 0 1.11464
19:30:48 1.11348 1.11363 1.11349 1.11342 0 1.11433
19:37:23 1.11362 1.11377 1.11363 1.11361 0 1.11422
19:43:50 1.11389 1.11404 1.11392 1.11376 0 1.11447
19:50:19 1.11376 1.11391 1.11398 1.11391 0 1.11476
19:56:53 1.11369 1.11385 1.11377 1.11379 0 1.11494
20:03:24 1.11348 1.11365 1.11371 1.11363 0 1.11463
20:10:00 1.11364 1.11378 1.11373 1.11365 0 1.11448
20:16:28 1.11333 1.11349 1.11364 1.11349 0 1.11463
20:23:02 1.11346 1.11360 1.11346 1.11340 0 1.11447
20:29:32 1.11351 1.11368 1.11359 1.11360 0 1.11420
20:35:59 1.11315 1.11330 1.11354 1.11326 0 1.11450
20:42:38 1.11307 1.11324 1.11322 1.11319 0 1.11411
20:49:06 1.11310 1.11327 1.11315 1.11322 0 1.11408
20:55:51 1.11303 1.11322 1.11312 1.11315 0 1.11412
21:03:00 1.11280 1.11378 1.11311 1.11321 0 1.11404
21:10:09 1.11297 1.11344 1.11297 1.11333 0 1.11413
21:16:53 1.11307 1.11353 1.11312 1.11323 0 1.11405
21:23:23 1.11309 1.11362 1.11318 1.11350 0 1.11411
21:30:15 1.11326 1.11352 1.11329 1.11336 0 1.11421
21:37:56 1.11292 1.11313 1.11326 1.11308 0 1.11423
21:46:15 1.11284 1.11303 1.11295 1.11303 0 1.11409
21:53:45 1.11288 1.11305 1.11288 1.11302 0 1.11377
22:00:13 1.11305 1.11324 1.11305 1.11294 0 1.11376
22:07:01 1.11333 1.11351 1.11333 1.11324 0 1.11385
22:13:31 1.11348 1.11365 1.11348 1.11348 0 1.11423
22:20:00 1.11351 1.11369 1.11352 1.11355 0 1.11441
22:26:52 1.11345 1.11362 1.11355 1.11357 0 1.11443
22:33:31 1.11344 1.11361 1.11349 1.11357 0 1.11452
22:40:01 1.11353 1.11371 1.11355 1.11361 0 1.11436
22:46:30 1.11347 1.11363 1.11364 1.11363 0 1.11443
22:53:01 1.11337 1.11353 1.11355 1.11349 0 1.11462
22:59:33 1.11345 1.11363 1.11347 1.11350 0 1.11440
23:06:15 1.11347 1.11364 1.11347 1.11352 0 1.11436
23:12:45 1.11345 1.11361 1.11354 1.11357 0 1.11449
23:19:13 1.11361 1.11377 1.11365 1.11357 0 1.11435
23:25:48 1.11366 1.11381 1.11370 1.11376 0 1.11446
23:32:39 1.11363 1.11378 1.11370 1.11361 0 1.11468
23:39:24 1.11369 1.11385 1.11372 1.11376 0 1.11447
23:46:02 1.11383 1.11398 1.11383 1.11381 0 1.11458
23:52:30 1.11390 1.11407 1.11392 1.11396 0 1.11467
23:58:59 1.11394 1.11410 1.11395 1.11394 0 1.11487
00:05:31 1.11409 1.11423 1.11412 1.11404 0 1.11487
00:12:00 1.11389 1.11405 1.11409 1.11403 0 1.11500
00:18:38 1.11416 1.11430 1.11416 1.11405 0 1.11486
00:25:07 1.11436 1.11451 1.11443 1.11427 0 1.11492
00:31:36 1.11396 1.11411 1.11436 1.11410 0 1.11527
00:38:06 1.11413 1.11431 1.11419 1.11407 0 1.11510
00:44:39 1.11422 1.11436 1.11432 1.11426 0 1.11492
00:51:08 1.11382 1.11399 1.11427 1.11392 0 1.11516
00:57:36 1.11402 1.11419 1.11402 1.11387 0 1.11493
01:04:27 1.11378 1.11394 1.11402 1.11386 0 1.11475
01:11:01 1.11399 1.11415 1.11409 1.11385 0 1.11476
01:17:30 1.11376 1.11393 1.11421 1.11389 0 1.11480
01:23:60 1.11367 1.11384 1.11376 1.11373 0 1.11494
01:30:29 1.11409 1.11425 1.11413 1.11376 0 1.11453
01:36:58 1.11390 1.11407 1.11412 1.11402 0 1.11488
01:43:27 1.11423 1.11437 1.11431 1.11403 0 1.11492
01:50:00 1.11416 1.11430 1.11423 1.11421 0 1.11509
01:56:30 1.11435 1.11451 1.11439 1.11423 0 1.11503
02:03:00 1.11385 1.11403 1.11448 1.11403 0 1.11516
02:09:31 1.11406 1.11421 1.11420 1.11402 0 1.11488
02:16:02 1.11416 1.11431 1.11426 1.11418 0 1.11498
02:22:33 1.11422 1.11438 1.11437 1.11426 0 1.11507
02:29:05 1.11419 1.11435 1.11427 1.11424 0 1.11529
02:35:35 1.11403 1.11420 1.11433 1.11405 0 1.11508
02:42:04 1.11408 1.11424 1.11416 1.11417 0 1.11509
02:48:34 1.11445 1.11462 1.11447 1.11421 0 1.11494
02:55:06 1.11446 1.11460 1.11470 1.11456 0 1.11526
03:01:36 1.11454 1.11471 1.11460 1.11458 0 1.11558
03:08:14 1.11450 1.11464 1.11466 1.11462 0 1.11539
03:14:47 1.11471 1.11485 1.11471 1.11457 0 1.11551
03:21:17 1.11476 1.11491 1.11478 1.11481 0 1.11545
03:27:59 1.11453 1.11468 1.11480 1.11468 0 1.11572
03:34:30 1.11446 1.11462 1.11482 1.11456 0 1.11558
03:41:00 1.11437 1.11454 1.11450 1.11444 0 1.11560
03:47:36 1.11433 1.11448 1.11442 1.11447 0 1.11528
03:54:12 1.11423 1.11440 1.11438 1.11431 0 1.11537
04:00:42 1.11456 1.11470 1.11456 1.11439 0 1.11509
04:07:13 1.11444 1.11458 1.11457 1.11456 0 1.11537
04:13:46 1.11450 1.11464 1.11457 1.11451 0 1.11548
04:20:16 1.11443 1.11459 1.11457 1.11449 0 1.11541
04:26:49 1.11447 1.11463 1.11455 1.11452 0 1.11540
04:33:19 1.11459 1.11474 1.11468 1.11460 0 1.11531
04:39:56 1.11466 1.11482 1.11473 1.11474 0 1.11551
04:46:27 1.11461 1.11477 1.11478 1.11477 0 1.11562
04:52:58 1.11442 1.11458 1.11465 1.11456 0 1.11575
04:59:30 1.11403 1.11419 1.11462 1.11417 0 1.11537
05:06:02 1.11407 1.11422 1.11409 1.11403 0 1.11518
05:12:33 1.11417 1.11431 1.11426 1.11405 0 1.11484
05:19:05 1.11400 1.11414 1.11426 1.11407 0 1.11504
05:25:38 1.11415 1.11431 1.11425 1.11408 0 1.11502
05:32:10 1.11407 1.11422 1.11419 1.11403 0 1.11504
05:38:42 1.11413 1.11430 1.11413 1.11398 0 1.11497
05:45:15 1.11406 1.11422 1.11426 1.11413 0 1.11483
05:51:46 1.11362 1.11376 1.11407 1.11370 0 1.11503
05:58:17 1.11319 1.11335 1.11366 1.11323 0 1.11452
06:04:49 1.11358 1.11373 1.11381 1.11306 0 1.11420
06:11:22 1.11372 1.11389 1.11398 1.11369 0 1.11447
06:17:54 1.11391 1.11409 1.11402 1.11389 0 1.11479
06:24:26 1.11402 1.11418 1.11421 1.11397 0 1.11480
06:30:58 1.11412 1.11429 1.11468 1.11418 0 1.11502
06:37:29 1.11458 1.11475 1.11463 1.11408 0 1.11530
06:44:00 1.11442 1.11458 1.11468 1.11458 0 1.11529
06:50:32 1.11456 1.11473 1.11464 1.11421 0 1.11544
06:57:03 1.11433 1.11448 1.11464 1.11437 0 1.11524
07:03:34 1.11464 1.11479 1.11494 1.11444 0 1.11537
07:10:07 1.11538 1.11553 1.11548 1.11477 1.11526 1.11574
07:16:38 1.11515 1.11530 1.11570 1.11526 0 1.11621
07:23:10 1.11419 1.11435 1.11524 1.11432 0 1.11590
07:29:42 1.11411 1.11426 1.11421 1.11376 0 1.11506
07:36:13 1.11405 1.11422 1.11416 1.11371 0 1.11471
07:42:46 1.11437 1.11452 1.11447 1.11396 0 1.11484
07:49:20 1.11494 1.11508 1.11494 1.11435 1.11467 1.11528
07:55:52 1.11486 1.11501 1.11502 1.11464 0 1.11564
08:02:26 1.11549 1.11565 1.11552 1.11500 0 1.11587
08:08:57 1.11516 1.11532 1.11576 1.11521 0 1.11626
08:15:31 1.11554 1.11568 1.11568 1.11526 0 1.11636
08:22:10 1.11531 1.11547 1.11555 1.11512 0 1.11626
08:28:42 1.11640 1.11656 1.11642 1.11546 1.11640 1.11646
08:35:13 1.11625 1.11639 1.11646 1.11604 1.11565 1.11705
08:41:45 1.11669 1.11684 1.11670 1.11611 1.11589 1.11718
08:48:17 1.11671 1.11685 1.11694 1.11667 1.11685 1.11744
08:54:49 1.11619 1.11635 1.11681 1.11631 0 1.11759
09:01:21 1.11600 1.11614 1.11624 1.11613 0 1.11728
09:07:53 1.11556 1.11572 1.11600 1.11559 0 1.11679
09:14:25 1.11629 1.11644 1.11632 1.11570 0 1.11664
09:20:59 1.11650 1.11666 1.11651 1.11611 0 1.11701
09:27:31 1.11661 1.11677 1.11671 1.11649 0 1.11731
09:34:06 1.11651 1.11667 1.11664 1.11632 0 1.11747
09:40:38 1.11662 1.11679 1.11673 1.11647 0 1.11728
09:47:12 1.11692 1.11708 1.11737 1.11665 1.11729 1.11758
09:53:48 1.11728 1.11745 1.11734 1.11686 0 1.11796
10:00:21 1.11715 1.11729 1.11735 1.11724 0 1.11804
10:06:54 1.11670 1.11685 1.11728 1.11681 0 1.11808
10:13:30 1.11600 1.11614 1.11671 1.11612 0 1.11754
10:20:03 1.11620 1.11634 1.11647 1.11609 0 1.11712
10:26:36 1.11603 1.11618 1.11625 1.11610 0 1.11709
10:33:08 1.11623 1.11638 1.11655 1.11615 0 1.11697
10:39:42 1.11631 1.11645 1.11634 1.11604 0 1.11724
10:46:14 1.11636 1.11651 1.11684 1.11643 0 1.11715
10:52:49 1.11664 1.11680 1.11665 1.11647 0 1.11756
10:59:23 1.11701 1.11715 1.11701 1.11678 0 1.11743
11:05:56 1.11714 1.11730 1.11731 1.11709 0 1.11788
11:12:29 1.11731 1.11747 1.11735 1.11729 0 1.11815
11:19:02 1.11729 1.11745 1.11734 1.11726 0 1.11823
11:25:35 1.11718 1.11733 1.11736 1.11729 0 1.11813
11:32:10 1.11726 1.11740 1.11726 1.11704 0 1.11824
11:38:43 1.11738 1.11752 1.11738 1.11726 0 1.11793
11:45:17 1.11736 1.11751 1.11773 1.11743 0 1.11820
11:51:50 1.11701 1.11716 1.11737 1.11692 0 1.11831
11:58:27 1.11710 1.11724 1.11722 1.11695 0 1.11790
12:04:60 1.11778 1.11795 1.11806 1.11724 1.11813 1.11817
12:11:32 1.11809 1.11824 1.11825 1.11789 1.11770 1.11881
12:18:06 1.11826 1.11842 1.11835 1.11796 1.11738 1.11900
12:24:39 1.11805 1.11820 1.11846 1.11804 1.11781 1.11901
12:31:12 1.11762 1.11777 1.11888 1.11756 0 1.11903
12:37:45 1.11613 1.11628 1.11775 1.11623 0 1.11811
12:44:18 1.11738 1.11754 1.11759 1.11627 0 1.11771
12:50:51 1.11694 1.11709 1.11758 1.11698 0 1.11801
12:57:26 1.11756 1.11771 1.11758 1.11649 0 1.11796
13:03:59 1.11823 1.11838 1.11827 1.11763 1.11841 1.11848
13:10:32 1.11772 1.11786 1.11830 1.11783 0 1.11895
13:17:07 1.11793 1.11807 1.11840 1.11770 0 1.11889
13:23:41 1.11836 1.11850 1.11844 1.11789 0 1.11892
13:30:15 1.11798 1.11812 1.11839 1.11802 0 1.11903
13:36:48 1.11850 1.11864 1.11869 1.11812 0 1.11909
13:43:22 1.11931 1.11946 1.11931 1.11864 1.11924 1.11955
13:49:56 1.11897 1.11911 1.11936 1.11908 0 1.12003
13:56:29 1.11932 1.11948 1.11939 1.11885 0 1.12004
14:03:03 1.11908 1.11924 1.11943 1.11912 0 1.11997
14:09:37 1.11903 1.11919 1.11914 1.11882 0 1.12006
14:16:11 1.11872 1.11887 1.11907 1.11880 0 1.11975
14:22:45 1.11851 1.11866 1.11877 1.11858 0 1.11976
14:29:21 1.11827 1.11841 1.11859 1.11828 0 1.11942
14:35:55 1.11883 1.11897 1.11887 1.11814 0 1.11922
14:42:29 1.11861 1.11875 1.11893 1.11875 0 1.11951
14:49:02 1.11849 1.11864 1.11873 1.11816 0 1.11951
14:55:36 1.11910 1.11926 1.11925 1.11864 0 1.11967
15:02:10 1.11951 1.11965 1.11959 1.11895 0 1.11992
15:08:45 1.11870 1.11885 1.11959 1.11866 0 1.12004
15:15:20 1.11924 1.11938 1.11934 1.11871 0 1.11989
15:21:55 1.11918 1.11932 1.11933 1.11908 0 1.11994
15:28:32 1.11905 1.11919 1.11941 1.11915 0 1.12008
15:35:06 1.11908 1.11924 1.11918 1.11883 0 1.12010
15:41:41 1.11901 1.11915 1.11936 1.11915 0 1.11985
15:48:16 1.11924 1.11940 1.11935 1.11898 0 1.12012
15:54:51 1.11873 1.11888 1.11941 1.11881 0 1.11995
16:01:29 1.11925 1.11940 1.11928 1.11885 0 1.11993
16:08:04 1.12024 1.12038 1.12026 1.11939 1.12038 1.12033
16:14:38 1.12004 1.12018 1.12028 1.11993 0 1.12094
16:21:13 1.12007 1.12022 1.12034 1.12014 0 1.12104
16:27:51 1.12032 1.12046 1.12039 1.12020 0 1.12111
16:34:29 1.12074 1.12088 1.12077 1.12046 0 1.12116
16:41:05 1.12034 1.12049 1.12081 1.12027 0 1.12148
16:47:41 1.12049 1.12065 1.12051 1.12041 0 1.12140
16:54:15 1.12029 1.12044 1.12064 1.12038 0 1.12125
17:00:52 1.12047 1.12062 1.12063 1.12041 0 1.12137
17:07:27 1.12057 1.12071 1.12077 1.12034 0 1.12133
17:14:02 1.12036 1.12051 1.12057 1.12032 0 1.12142
17:20:36 1.12056 1.12072 1.12066 1.12047 0 1.12125
17:27:12 1.12052 1.12068 1.12066 1.12051 0 1.12145
17:33:47 1.12065 1.12079 1.12076 1.12068 0 1.12139
17:40:27 1.12117 1.12132 1.12125 1.12078 0 1.12160
17:47:08 1.12145 1.12160 1.12148 1.12113 0 1.12201
17:53:51 1.12153 1.12169 1.12173 1.12142 0 1.12228
18:00:26 1.12141 1.12155 1.12178 1.12154 0 1.12249
18:07:02 1.12144 1.12159 1.12152 1.12139 0 1.12255
18:13:40 1.12161 1.12175 1.12169 1.12159 0 1.12223
18:20:16 1.12165 1.12181 1.12169 1.12165 0 1.12257
18:26:53 1.12136 1.12151 1.12170 1.12142 0 1.12254
18:33:30 1.12149 1.12164 1.12166 1.12141 0 1.12238
18:40:06 1.12164 1.12179 1.12198 1.12159 0 1.12238
18:46:44 1.12195 1.12210 1.12205 1.12174 0 1.12270
18:53:32 1.12205 1.12220 1.12208 1.12206 0 1.12280
19:00:10 1.12196 1.12212 1.12221 1.12212 0 1.12295
19:06:49 1.12208 1.12224 1.12210 1.12205 0 1.12315
19:13:26 1.12208 1.12224 1.12213 1.12203 0 1.12288
19:20:02 1.12199 1.12215 1.12210 1.12207 0 1.12296
19:27:03 1.12229 1.12244 1.12268 1.12213 0 1.12295
19:33:46 1.12243 1.12258 1.12250 1.12240 0 1.12337
19:40:23 1.12227 1.12241 1.12248 1.12240 0 1.12330
19:47:01 1.12259 1.12274 1.12260 1.12239 0 1.12323
19:53:37 1.12261 1.12275 1.12261 1.12262 0 1.12335
20:00:13 1.12253 1.12267 1.12261 1.12266 0 1.12353
20:06:50 1.12254 1.12270 1.12260 1.12249 0 1.12357
20:13:27 1.12266 1.12282 1.12266 1.12264 0 1.12333
20:20:03 1.12266 1.12281 1.12272 1.12278 0 1.12352
20:26:40 1.12254 1.12269 1.12268 1.12269 0 1.12373
20:33:19 1.12248 1.12264 1.12260 1.12262 0 1.12361
20:40:01 1.12253 1.12269 1.12259 1.12264 0 1.12347
20:46:58 1.12244 1.12260 1.12254 1.12260 0 1.12357
20:53:37 1.12248 1.12264 1.12256 1.12259 0 1.12344
21:03:01 1.12103 1.12203 1.12258 1.12203 0 1.12334
21:10:04 1.12196 1.12248 1.12196 1.12192 0 1.12304
21:16:42 1.12186 1.12255 1.12208 1.12240 0 1.12287
21:25:42 1.12230 1.12271 1.12246 1.12245 0 1.12319
21:33:01 1.12227 1.12262 1.12230 1.12258 0 1.12346
21:39:46 1.12223 1.12259 1.12227 1.12254 0 1.12337
21:46:38 1.12242 1.12263 1.12242 1.12251 0 1.12328
21:53:16 1.12250 1.12274 1.12250 1.12255 0 1.12337
21:59:52 1.12234 1.12268 1.12250 1.12246 0 1.12348
22:06:37 1.12247 1.12263 1.12254 1.12251 0 1.12330
22:13:15 1.12276 1.12293 1.12280 1.12263 0 1.12331
22:19:53 1.12282 1.12296 1.12283 1.12290 0 1.12364
22:26:38 1.12260 1.12278 1.12290 1.12277 0 1.12377
22:33:15 1.12256 1.12272 1.12261 1.12268 0 1.12382
22:40:19 1.12259 1.12274 1.12261 1.12263 0 1.12345
22:46:59 1.12249 1.12263 1.12259 1.12255 0 1.12354
22:53:38 1.12240 1.12256 1.12249 1.12250 0 1.12351
23:00:25 1.12233 1.12249 1.12253 1.12249 0 1.12331
23:07:03 1.12258 1.12273 1.12263 1.12248 0 1.12332
23:13:41 1.12236 1.12250 1.12259 1.12250 0 1.12345
23:20:22 1.12227 1.12242 1.12237 1.12241 0 1.12351
01:31:28 1.12285 1.12302 1.12285 1.12241 0 1.12320
01:38:06 1.12302 1.12321 1.12305 1.12276 0 1.12358
04:22:50 1.12341 1.12356 1.12341 1.12311 1.12249 1.12410
04:29:32 1.12329 1.12343 1.12342 1.12340 1.12314 1.12413
06:58:53 1.12083 1.12098 1.12339 1.12098 1.12061 1.12323
07:05:31 1.12118 1.12135 1.12145 1.12093 1.11982 1.12219
07:12:09 1.12107 1.12122 1.12164 1.12119 1.12112 1.12213
07:18:46 1.12061 1.12077 1.12121 1.12060 0 1.12202
07:25:24 1.12083 1.12098 1.12117 1.12051 0 1.12162
07:32:02 1.12097 1.12112 1.12111 1.12086 0 1.12172
07:38:42 1.12074 1.12089 1.12100 1.12061 0 1.12178
07:45:21 1.12104 1.12120 1.12112 1.12086 0 1.12162
07:52:03 1.12139 1.12156 1.12139 1.12119 0 1.12193
07:58:41 1.12182 1.12197 1.12202 1.12152 1.12199 1.12236
08:05:19 1.12228 1.12244 1.12250 1.12196 1.12213 1.12290
08:11:56 1.12256 1.12271 1.12267 1.12227 1.12197 1.12324
08:18:34 1.12268 1.12284 1.12288 1.12250 1.12239 1.12341
08:25:15 1.12243 1.12259 1.12284 1.12249 1.12169 1.12356
08:31:56 1.12299 1.12314 1.12315 1.12244 1.12258 1.12350
08:38:34 1.12303 1.12319 1.12311 1.12290 1.12265 1.12374
08:45:12 1.12291 1.12308 1.12354 1.12287 1.12293 1.12392
08:51:56 1.12300 1.12317 1.12311 1.12298 1.12155 1.12407
08:58:40 1.12295 1.12309 1.12318 1.12295 1.12256 1.12384
09:05:18 1.12335 1.12351 1.12341 1.12301 1.12314 1.12387
09:12:01 1.12388 1.12403 1.12393 1.12343 1.12400 0
09:18:46 1.12419 1.12433 1.12443 1.12403 1.12424 0
09:25:29 1.12393 1.12408 1.12425 1.12368 1.12247 1.12499
09:32:12 1.12339 1.12354 1.12393 1.12346 1.12252 1.12464
09:38:57 1.12321 1.12335 1.12355 1.12320 1.12207 1.12435
09:45:38 1.12317 1.12331 1.12337 1.12299 1.12220 1.12408
09:52:16 1.12286 1.12301 1.12330 1.12300 1.12251 1.12396
09:58:54 1.12271 1.12287 1.12301 1.12282 1.12134 1.12396
10:05:32 1.12222 1.12238 1.12273 1.12238 1.12099 1.12360
10:12:11 1.12243 1.12259 1.12252 1.12228 1.12144 1.12329
10:18:53 1.12230 1.12244 1.12244 1.12213 1.12132 1.12318
10:25:34 1.12189 1.12204 1.12230 1.12183 1.12080 1.12303
10:32:15 1.12198 1.12213 1.12209 1.12170 1.12085 1.12281
10:38:54 1.12181 1.12197 1.12223 1.12171 1.12167 1.12270
10:45:36 1.12155 1.12170 1.12191 1.12163 0 1.12278
10:52:15 1.12168 1.12184 1.12195 1.12167 0 1.12256
10:58:54 1.12195 1.12211 1.12204 1.12173 0 1.12264
11:05:34 1.12200 1.12215 1.12223 1.12201 0 1.12276
11:12:20 1.12246 1.12261 1.12247 1.12205 0 1.12301
11:19:03 1.12264 1.12278 1.12275 1.12254 0 1.12324
11:25:46 1.12280 1.12294 1.12300 1.12275 0 1.12362
11:32:33 1.12325 1.12340 1.12325 1.12292 0 1.12378
11:39:12 1.12267 1.12283 1.12337 1.12262 0 1.12389
11:45:51 1.12288 1.12304 1.12288 1.12265 0 1.12376
11:52:30 1.12330 1.12346 1.12337 1.12298 0 1.12374
11:59:09 1.12226 1.12241 1.12332 1.12237 0 1.12386
12:05:51 1.12241 1.12257 1.12249 1.12241 0 1.12346
12:12:33 1.12189 1.12205 1.12247 1.12205 0 1.12312
12:19:13 1.12152 1.12168 1.12198 1.12165 0 1.12292
12:25:52 1.12225 1.12240 1.12227 1.12163 0 1.12262
12:32:34 1.12229 1.12243 1.12230 1.12175 0 1.12282
12:39:14 1.12154 1.12170 1.12229 1.12138 0 1.12274
12:45:53 1.12159 1.12174 1.12160 1.12110 0 1.12238
12:52:36 1.12206 1.12222 1.12208 1.12146 0 1.12237
12:59:15 1.12252 1.12267 1.12259 1.12215 1.12245 1.12300
13:05:55 1.12186 1.12201 1.12263 1.12195 0 1.12322
13:12:36 1.12240 1.12254 1.12242 1.12183 0 1.12303
13:19:15 1.12228 1.12244 1.12260 1.12221 0 1.12305
13:25:55 1.12239 1.12254 1.12247 1.12228 0 1.12329
13:32:35 1.12319 1.12334 1.12322 1.12254 0 1.12341
13:39:14 1.12303 1.12317 1.12330 1.12295 0 1.12391
13:45:55 1.12321 1.12335 1.12332 1.12293 0 1.12399
13:52:35 1.12379 1.12394 1.12383 1.12305 0 1.12406
13:59:14 1.12405 1.12420 1.12433 1.12375 1.12418 1.12465
14:05:54 1.12219 1.12236 1.12406 1.12163 0 1.12390
14:12:34 1.12256 1.12270 1.12342 1.12183 0 1.12343
14:19:15 1.12226 1.12240 1.12320 1.12226 0 1.12352
14:25:56 1.12354 1.12369 1.12356 1.12239 1.12258 1.12372
14:32:36 1.12304 1.12318 1.12368 1.12312 1.12317 1.12411
14:39:16 1.12299 1.12314 1.12320 1.12272 0 1.12400
14:45:56 1.12349 1.12364 1.12368 1.12298 0 1.12392
14:52:35 1.12395 1.12412 1.12400 1.12317 1.12321 1.12433
14:59:15 1.12415 1.12430 1.12437 1.12370 1.12397 0
15:05:56 1.12362 1.12378 1.12426 1.12370 1.12296 1.12488
15:12:36 1.12417 1.12432 1.12420 1.12378 1.12337 1.12479
15:19:16 1.12390 1.12404 1.12435 1.12389 1.12383 1.12484
15:25:58 1.12365 1.12380 1.12409 1.12373 0 1.12492
15:32:39 1.12376 1.12391 1.12404 1.12378 0 1.12469
15:39:19 1.12407 1.12422 1.12426 1.12386 0 1.12473
15:46:00 1.12363 1.12379 1.12407 1.12374 0 1.12490
15:52:42 1.12365 1.12380 1.12375 1.12358 0 1.12467
15:59:23 1.12349 1.12363 1.12375 1.12357 0 1.12443
16:06:04 1.12383 1.12397 1.12398 1.12362 0 1.12445
16:12:48 1.12339 1.12354 1.12391 1.12348 0 1.12464
16:19:38 1.12366 1.12381 1.12390 1.12350 0 1.12449
16:26:22 1.12374 1.12388 1.12392 1.12371 0 1.12455
16:33:03 1.12356 1.12372 1.12391 1.12341 0 1.12461
16:40:05 1.12354 1.12368 1.12369 1.12354 0 1.12447
16:46:45 1.12376 1.12391 1.12391 1.12366 0 1.12444
16:54:01 1.12419 1.12434 1.12419 1.12382 0 1.12467
17:00:46 1.12379 1.12393 1.12425 1.12393 0 1.12490
17:07:27 1.12316 1.12332 1.12389 1.12332 0 1.12471
17:14:09 1.12292 1.12309 1.12318 1.12301 0 1.12413
17:20:51 1.12262 1.12278 1.12293 1.12274 0 1.12374
17:27:39 1.12286 1.12301 1.12292 1.12275 0 1.12360
17:34:20 1.12327 1.12343 1.12327 1.12301 0 1.12368
17:41:04 1.12313 1.12329 1.12355 1.12326 0 1.12410
17:47:49 1.12327 1.12342 1.12334 1.12325 0 1.12432
17:54:30 1.12316 1.12332 1.12354 1.12332 0 1.12406
18:01:12 1.12339 1.12354 1.12341 1.12332 0 1.12437
18:07:54 1.12327 1.12342 1.12344 1.12335 0 1.12416
18:14:37 1.12321 1.12336 1.12337 1.12334 0 1.12431
18:21:18 1.12311 1.12325 1.12329 1.12325 0 1.12426
18:28:00 1.12328 1.12342 1.12336 1.12322 0 1.12405
18:34:43 1.12355 1.12370 1.12359 1.12342 0 1.12409
18:41:24 1.12328 1.12344 1.12355 1.12335 0 1.12442
18:48:08 1.12343 1.12359 1.12348 1.12342 0 1.12428
18:54:54 1.12349 1.12363 1.12355 1.12357 0 1.12425
19:01:39 1.12323 1.12340 1.12353 1.12328 0 1.12446
19:08:21 1.12293 1.12308 1.12326 1.12307 0 1.12421
19:15:08 1.12309 1.12325 1.12313 1.12302 0 1.12394
19:21:50 1.12308 1.12323 1.12325 1.12322 0 1.12384
19:28:38 1.12294 1.12308 1.12313 1.12307 0 1.12420
19:35:28 1.12292 1.12307 1.12300 1.12302 0 1.12397
19:42:12 1.12287 1.12303 1.12299 1.12296 0 1.12385
19:48:53 1.12267 1.12283 1.12288 1.12277 0 1.12389
19:55:35 1.12268 1.12284 1.12292 1.12275 0 1.12360
20:02:17 1.12249 1.12266 1.12277 1.12260 0 1.12373
20:09:02 1.12246 1.12263 1.12253 1.12253 0 1.12354
20:15:44 1.12250 1.12266 1.12252 1.12256 0 1.12333
20:22:38 1.12251 1.12266 1.12259 1.12265 0 1.12337
20:29:21 1.12258 1.12275 1.12262 1.12266 0 1.12353
20:36:16 1.12259 1.12276 1.12269 1.12273 0 1.12348
20:43:00 1.12247 1.12266 1.12261 1.12264 0 1.12369
20:49:43 1.12266 1.12286 1.12266 1.12265 0 1.12343
20:56:27 1.12270 1.12290 1.12286 1.12285 0 1.12345
21:03:09 1.12342 1.12387 1.12342 1.12289 0 1.12376
21:10:06 1.12232 1.12304 1.12342 1.12304 0 1.12409
21:16:54 1.12254 1.12324 1.12305 1.12292 0 1.12403
21:24:39 1.12264 1.12317 1.12278 1.12316 0 1.12382
21:31:37 1.12273 1.12318 1.12273 1.12313 0 1.12387
21:39:31 1.12271 1.12312 1.12273 1.12312 0 1.12384
21:48:41 1.12275 1.12321 1.12275 1.12312 0 1.12384
21:55:24 1.12288 1.12323 1.12288 1.12319 0 1.12386
22:02:07 1.12294 1.12312 1.12300 1.12294 0 1.12394
22:08:52 1.12283 1.12301 1.12308 1.12299 0 1.12380
22:15:37 1.12254 1.12271 1.12288 1.12270 0 1.12394
22:22:22 1.12261 1.12281 1.12266 1.12269 0 1.12360
22:29:10 1.12265 1.12285 1.12273 1.12278 0 1.12345
22:35:53 1.12267 1.12285 1.12272 1.12270 0 1.12371
22:42:52 1.12258 1.12277 1.12267 1.12276 0 1.12359
22:49:34 1.12245 1.12263 1.12258 1.12254 0 1.12367
22:56:20 1.12247 1.12264 1.12249 1.12259 0 1.12341
23:03:06 1.12241 1.12259 1.12256 1.12258 0 1.12337
23:09:57 1.12246 1.12264 1.12250 1.12245 0 1.12353
23:16:43 1.12258 1.12275 1.12264 1.12259 0 1.12322
23:23:29 1.12266 1.12283 1.12266 1.12270 0 1.12352
23:30:16 1.12276 1.12296 1.12277 1.12281 0 1.12351
23:37:07 1.12278 1.12295 1.12285 1.12293 0 1.12367
23:43:51 1.12274 1.12291 1.12279 1.12285 0 1.12388
23:50:36 1.12273 1.12289 1.12286 1.12285 0 1.12363
23:57:19 1.12259 1.12276 1.12281 1.12275 0 1.12380
00:04:02 1.12266 1.12285 1.12274 1.12275 0 1.12365
00:10:50 1.12254 1.12270 1.12288 1.12270 0 1.12352
00:17:37 1.12256 1.12273 1.12263 1.12251 0 1.12372
00:24:21 1.12238 1.12255 1.12256 1.12243 0 1.12335
00:31:06 1.12245 1.12263 1.12245 1.12241 0 1.12337
00:37:50 1.12248 1.12264 1.12253 1.12255 0 1.12320
00:44:36 1.12261 1.12277 1.12269 1.12264 0 1.12337
00:51:20 1.12247 1.12262 1.12269 1.12259 0 1.12360
00:58:03 1.12227 1.12242 1.12271 1.12241 0 1.12348
01:04:46 1.12257 1.12273 1.12266 1.12241 0 1.12337
01:11:31 1.12236 1.12254 1.12258 1.12241 0 1.12337
01:18:19 1.12247 1.12261 1.12247 1.12241 0 1.12335
01:25:03 1.12253 1.12267 1.12263 1.12253 0 1.12319
01:31:47 1.12230 1.12246 1.12253 1.12237 0 1.12353
01:38:35 1.12195 1.12211 1.12231 1.12201 0 1.12323
01:45:19 1.12195 1.12211 1.12216 1.12196 0 1.12292
01:52:03 1.12191 1.12209 1.12212 1.12207 0 1.12287
01:58:47 1.12178 1.12193 1.12210 1.12181 0 1.12296
02:05:31 1.12192 1.12209 1.12194 1.12153 0 1.12273
02:12:17 1.12224 1.12242 1.12236 1.12203 0 1.12271
02:19:01 1.12199 1.12216 1.12224 1.12213 0 1.12313
02:25:45 1.12226 1.12243 1.12227 1.12216 0 1.12301
02:32:31 1.12217 1.12235 1.12242 1.12234 0 1.12300
02:39:15 1.12221 1.12237 1.12226 1.12222 0 1.12336
02:46:02 1.12228 1.12244 1.12233 1.12231 0 1.12299
02:52:48 1.12259 1.12275 1.12260 1.12241 0 1.12312
02:59:32 1.12259 1.12274 1.12274 1.12264 0 1.12340
03:06:43 1.12269 1.12286 1.12274 1.12271 0 1.12361
03:13:28 1.12241 1.12257 1.12278 1.12251 0 1.12359
03:20:15 1.12263 1.12278 1.12267 1.12257 0 1.12349
03:27:04 1.12250 1.12266 1.12273 1.12263 0 1.12342
03:33:55 1.12254 1.12272 1.12261 1.12257 0 1.12364
03:40:45 1.12267 1.12284 1.12270 1.12270 0 1.12334
03:47:31 1.12262 1.12279 1.12273 1.12261 0 1.12362
03:54:18 1.12267 1.12285 1.12276 1.12272 0 1.12347
04:01:05 1.12237 1.12253 1.12267 1.12253 0 1.12368
04:07:57 1.12234 1.12250 1.12246 1.12247 0 1.12348
04:14:56 1.12227 1.12245 1.12237 1.12231 0 1.12332
04:21:49 1.12235 1.12252 1.12237 1.12234 0 1.12314
04:28:34 1.12235 1.12251 1.12240 1.12238 0 1.12319
04:35:22 1.12231 1.12249 1.12243 1.12244 0 1.12324
04:42:20 1.12236 1.12252 1.12240 1.12240 0 1.12337
04:49:05 1.12238 1.12255 1.12247 1.12251 0 1.12319
04:56:19 1.12259 1.12273 1.12260 1.12253 0 1.12333
05:03:07 1.12266 1.12283 1.12275 1.12271 0 1.12338
05:09:56 1.12266 1.12283 1.12274 1.12267 0 1.12367
05:16:42 1.12276 1.12291 1.12277 1.12277 0 1.12350
05:23:28 1.12267 1.12283 1.12280 1.12278 0 1.12365
05:30:13 1.12266 1.12281 1.12269 1.12261 0 1.12375
05:36:58 1.12247 1.12264 1.12283 1.12261 0 1.12339
05:43:45 1.12230 1.12246 1.12248 1.12245 0 1.12365
05:50:33 1.12264 1.12278 1.12264 1.12230 0 1.12321
05:57:19 1.12317 1.12331 1.12324 1.12273 1.12349 1.12350
06:04:05 1.12283 1.12300 1.12339 1.12288 0 1.12396
06:10:51 1.12263 1.12279 1.12288 1.12267 0 1.12387
06:17:40 1.12227 1.12241 1.12270 1.12237 0 1.12345
06:24:27 1.12249 1.12266 1.12260 1.12234 0 1.12330
06:31:15 1.12267 1.12283 1.12290 1.12264 0 1.12332
06:38:00 1.12275 1.12291 1.12284 1.12274 0 1.12370
06:44:51 1.12325 1.12339 1.12330 1.12289 0 1.12365
06:51:37 1.12358 1.12373 1.12393 1.12330 1.12379 1.12421
06:58:22 1.12321 1.12338 1.12362 1.12329 1.12204 1.12446
07:05:08 1.12314 1.12328 1.12341 1.12320 1.12227 1.12421
07:11:59 1.12385 1.12399 1.12392 1.12305 1.12346 1.12414
07:18:47 1.12372 1.12387 1.12427 1.12386 1.12423 0
07:25:38 1.12380 1.12395 1.12389 1.12370 1.12225 0
07:32:26 1.12419 1.12435 1.12428 1.12386 1.12439 0
07:39:50 1.12354 1.12369 1.12419 1.12369 1.12265 0
07:46:42 1.12338 1.12354 1.12355 1.12333 1.12158 0
07:53:29 1.12391 1.12407 1.12405 1.12340 1.12393 0
08:00:14 1.12428 1.12443 1.12444 1.12407 1.12437 0
08:07:00 1.12404 1.12420 1.12437 1.12404 1.12305 1.12514
08:13:47 1.12420 1.12434 1.12428 1.12407 1.12339 1.12502
08:20:33 1.12385 1.12401 1.12437 1.12399 1.12362 1.12497
08:27:19 1.12372 1.12387 1.12413 1.12380 1.12246 1.12499
08:34:06 1.12426 1.12442 1.12426 1.12370 1.12359 1.12472
08:40:52 1.12474 1.12488 1.12481 1.12438 1.12506 0
08:47:41 1.12476 1.12492 1.12483 1.12451 1.12371 0
08:54:28 1.12410 1.12426 1.12477 1.12426 1.12337 0
09:01:14 1.12381 1.12397 1.12410 1.12375 1.12202 0
09:08:01 1.12404 1.12420 1.12410 1.12388 1.12375 0
09:14:51 1.12420 1.12435 1.12437 1.12413 1.12441 0
09:21:38 1.12385 1.12401 1.12420 1.12380 1.12228 0
09:28:26 1.12358 1.12374 1.12387 1.12368 1.12249 0
09:35:13 1.12361 1.12376 1.12376 1.12365 1.12333 0
09:41:59 1.12404 1.12420 1.12405 1.12372 1.12399 0
09:48:47 1.12368 1.12383 1.12417 1.12382 1.12348 1.12477
09:55:34 1.12409 1.12425 1.12413 1.12356 1.12268 1.12479
10:02:21 1.12415 1.12430 1.12440 1.12421 1.12471 1.12484
10:09:10 1.12400 1.12416 1.12424 1.12407 1.12268 1.12517
10:16:22 1.12396 1.12411 1.12403 1.12400 1.12269 1.12499
10:23:17 1.12394 1.12409 1.12398 1.12373 1.12263 1.12481
10:30:15 1.12379 1.12395 1.12394 1.12386 1.12352 1.12464
10:37:02 1.12386 1.12400 1.12392 1.12383 1.12289 1.12477
10:43:50 1.12335 1.12350 1.12386 1.12345 1.12283 1.12451
10:50:38 1.12314 1.12329 1.12352 1.12329 1.12174 1.12448
10:57:26 1.12315 1.12331 1.12333 1.12325 1.12311 1.12398
11:04:13 1.12307 1.12322 1.12322 1.12300 0 1.12418
11:11:07 1.12327 1.12341 1.12332 1.12315 0 1.12386
11:17:57 1.12365 1.12382 1.12372 1.12339 0 1.12425
11:24:45 1.12338 1.12354 1.12366 1.12346 0 1.12445
11:31:33 1.12355 1.12369 1.12368 1.12354 0 1.12438
11:38:22 1.12358 1.12373 1.12359 1.12359 0 1.12451
11:45:24 1.12347 1.12362 1.12363 1.12359 0 1.12441
11:52:12 1.12320 1.12336 1.12361 1.12325 0 1.12446
11:58:59 1.12338 1.12355 1.12364 1.12301 0 1.12395
12:05:47 1.12331 1.12347 1.12364 1.12339 0 1.12427
12:12:35 1.12288 1.12303 1.12334 1.12272 0 1.12412
12:19:23 1.12315 1.12331 1.12328 1.12297 0 1.12383
12:26:13 1.12262 1.12278 1.12327 1.12260 0 1.12386
12:33:02 1.12262 1.12278 1.12280 1.12235 0 1.12359
12:39:49 1.12271 1.12287 1.12294 1.12269 0 1.12345
12:46:37 1.12243 1.12258 1.12278 1.12252 0 1.12367
12:53:25 1.12269 1.12285 1.12274 1.12215 0 1.12336
13:00:13 1.12328 1.12345 1.12351 1.12261 1.12353 1.12358
13:07:01 1.12312 1.12327 1.12344 1.12311 0 1.12421
13:13:50 1.12295 1.12311 1.12322 1.12292 0 1.12401
13:20:39 1.12282 1.12299 1.12309 1.12287 0 1.12384
13:27:27 1.12201 1.12217 1.12291 1.12210 0 1.12354
13:34:15 1.12121 1.12138 1.12224 1.12124 0 1.12277
13:41:03 1.12132 1.12148 1.12138 1.12096 0 1.12212
13:47:51 1.12095 1.12109 1.12135 1.12041 0 1.12172
13:54:40 1.12143 1.12158 1.12171 1.12106 0 1.12197
14:01:28 1.12211 1.12226 1.12223 1.12156 1.12172 1.12258
14:08:16 1.12232 1.12247 1.12253 1.12225 1.12217 1.12309
14:15:05 1.12237 1.12252 1.12257 1.12209 0 1.12326
14:21:53 1.12220 1.12235 1.12264 1.12205 0 1.12313
14:28:42 1.12199 1.12215 1.12249 1.12215 0 1.12317
14:35:30 1.12176 1.12190 1.12216 1.12186 0 1.12281
14:43:16 1.12271 1.12286 1.12271 1.12185 1.12251 1.12287
14:50:04 1.12286 1.12301 1.12318 1.12286 1.12216 0
14:56:53 1.12311 1.12326 1.12320 1.12284 1.12229 0
15:03:42 1.12295 1.12311 1.12328 1.12310 1.12308 0
15:10:30 1.12254 1.12270 1.12298 1.12265 1.12087 1.12395
15:17:20 1.12291 1.12307 1.12303 1.12264 1.12252 1.12356
15:24:09 1.12329 1.12345 1.12329 1.12305 1.12341 1.12375
15:30:59 1.12347 1.12363 1.12352 1.12336 0 1.12416
15:37:48 1.12366 1.12382 1.12373 1.12357 0 1.12437
15:44:38 1.12324 1.12338 1.12369 1.12338 0 1.12454
15:51:29 1.12328 1.12342 1.12339 1.12322 0 1.12436
15:58:20 1.12342 1.12356 1.12354 1.12336 0 1.12407
16:05:09 1.12356 1.12372 1.12359 1.12355 0 1.12433
16:12:00 1.12344 1.12360 1.12376 1.12360 0 1.12440
16:18:50 1.12330 1.12345 1.12344 1.12339 0 1.12463
16:25:39 1.12327 1.12342 1.12337 1.12336 0 1.12418
16:32:35 1.12332 1.12347 1.12339 1.12333 0 1.12419
16:39:25 1.12313 1.12330 1.12339 1.12320 0 1.12423
16:46:16 1.12315 1.12331 1.12326 1.12314 0 1.12396
16:53:33 1.12314 1.12330 1.12325 1.12328 0 1.12405
17:00:22 1.12314 1.12330 1.12334 1.12328 0 1.12411
17:07:11 1.12335 1.12349 1.12335 1.12329 0 1.12419
17:14:02 1.12344 1.12358 1.12349 1.12349 0 1.12410
17:20:52 1.12349 1.12363 1.12352 1.12350 0 1.12442
17:27:42 1.12335 1.12351 1.12352 1.12344 0 1.12440
17:34:39 1.12327 1.12341 1.12339 1.12335 0 1.12442
17:41:30 1.12395 1.12409 1.12395 1.12339 0 1.12420
17:48:19 1.12432 1.12447 1.12437 1.12400 1.12429 1.12480
17:55:11 1.12386 1.12400 1.12433 1.12400 0 1.12509
18:02:01 1.12410 1.12426 1.12412 1.12386 0 1.12497
18:09:00 1.12413 1.12428 1.12420 1.12417 0 1.12498
18:15:52 1.12408 1.12423 1.12417 1.12417 0 1.12504
18:22:46 1.12398 1.12413 1.12409 1.12403 0 1.12510
18:29:36 1.12393 1.12408 1.12404 1.12402 0 1.12489
18:36:27 1.12404 1.12420 1.12404 1.12403 0 1.12487
18:43:24 1.12399 1.12415 1.12410 1.12403 0 1.12486
18:50:14 1.12405 1.12419 1.12420 1.12412 0 1.12486
18:57:04 1.12415 1.12431 1.12434 1.12417 0 1.12498
19:03:54 1.12446 1.12460 1.12447 1.12429 0 1.12509
19:10:59 1.12442 1.12457 1.12454 1.12454 0 1.12526
19:17:50 1.12439 1.12454 1.12446 1.12447 0 1.12550
19:24:40 1.12449 1.12463 1.12454 1.12452 0 1.12523
19:31:31 1.12444 1.12459 1.12450 1.12454 0 1.12547
19:38:21 1.12429 1.12444 1.12444 1.12441 0 1.12545
19:45:16 1.12431 1.12447 1.12439 1.12443 0 1.12527
19:52:06 1.12417 1.12431 1.12435 1.12430 0 1.12533
19:58:56 1.12417 1.12433 1.12433 1.12424 0 1.12516
20:05:47 1.12381 1.12396 1.12432 1.12386 0 1.12506
20:12:37 1.12369 1.12385 1.12388 1.12376 0 1.12486
20:19:53 1.12361 1.12377 1.12370 1.12375 0 1.12459
20:26:57 1.12374 1.12389 1.12374 1.12376 0 1.12451
20:33:53 1.12385 1.12401 1.12387 1.12387 0 1.12455
20:40:48 1.12383 1.12399 1.12390 1.12397 0 1.12478
20:47:56 1.12398 1.12412 1.12402 1.12397 0 1.12477
20:54:49 1.12398 1.12412 1.12404 1.12411 0 1.12487
21:03:00 1.12304 1.12404 1.12402 1.12404 0 1.12503
21:10:06 1.12372 1.12410 1.12372 1.12386 0 1.12498
21:17:10 1.12379 1.12415 1.12381 1.12407 0 1.12461
21:24:02 1.12363 1.12401 1.12385 1.12401 0 1.12490
21:30:54 1.12356 1.12398 1.12363 1.12385 0 1.12487
21:38:28 1.12367 1.12396 1.12377 1.12390 0 1.12454
21:45:20 1.12365 1.12396 1.12375 1.12393 0 1.12479
21:52:22 1.12367 1.12394 1.12369 1.12386 0 1.12478
21:59:15 1.12370 1.12396 1.12379 1.12375 0 1.12461
22:06:11 1.12383 1.12400 1.12383 1.12384 0 1.12461
22:14:06 1.12382 1.12400 1.12387 1.12394 0 1.12470
22:20:58 1.12374 1.12391 1.12386 1.12391 0 1.12485
22:27:60 1.12378 1.12394 1.12383 1.12391 0 1.12479
22:34:51 1.12391 1.12408 1.12391 1.12391 0 1.12469
22:41:50 1.12391 1.12407 1.12393 1.12403 0 1.12479
22:49:27 1.12383 1.12401 1.12394 1.12400 0 1.12491
22:56:44 1.12382 1.12399 1.12384 1.12398 0 1.12492
23:03:40 1.12386 1.12401 1.12389 1.12394 0 1.12475
23:10:31 1.12389 1.12405 1.12391 1.12400 0 1.12479
23:17:27 1.12385 1.12401 1.12396 1.12400 0 1.12483
23:24:18 1.12381 1.12396 1.12393 1.12395 0 1.12492
23:31:27 1.12375 1.12391 1.12383 1.12391 0 1.12488
23:38:21 1.12383 1.12400 1.12387 1.12389 0 1.12469
23:45:14 1.12383 1.12400 1.12388 1.12395 0 1.12475
23:52:07 1.12383 1.12399 1.12386 1.12390 0 1.12485
23:59:10 1.12364 1.12381 1.12388 1.12379 0 1.12474
00:06:09 1.12357 1.12374 1.12368 1.12354 0 1.12473
00:13:08 1.12354 1.12370 1.12357 1.12354 0 1.12440
00:20:01 1.12383 1.12399 1.12386 1.12359 0 1.12429
00:27:00 1.12396 1.12411 1.12405 1.12399 0 1.12466
00:33:54 1.12423 1.12440 1.12426 1.12407 0 1.12494
00:40:46 1.12435 1.12453 1.12446 1.12439 0 1.12505
00:47:41 1.12456 1.12472 1.12459 1.12449 0 1.12534
00:54:32 1.12448 1.12465 1.12458 1.12445 0 1.12545
01:01:25 1.12410 1.12425 1.12450 1.12419 0 1.12534
01:08:18 1.12392 1.12407 1.12418 1.12395 0 1.12510
01:15:10 1.12418 1.12434 1.12419 1.12397 0 1.12481
01:22:05 1.12443 1.12460 1.12460 1.12432 0 1.12498
01:28:59 1.12490 1.12507 1.12492 1.12454 0 1.12545
01:35:51 1.12507 1.12524 1.12553 1.12506 1.12557 1.12587
01:42:43 1.12424 1.12441 1.12508 1.12419 1.12277 1.12575
01:49:36 1.12426 1.12443 1.12448 1.12433 1.12351 1.12527
01:56:34 1.12443 1.12460 1.12448 1.12433 1.12388 1.12518
02:03:26 1.12456 1.12471 1.12478 1.12446 1.12460 1.12526
02:10:21 1.12467 1.12483 1.12470 1.12444 0 1.12550
02:17:14 1.12466 1.12482 1.12481 1.12477 0 1.12540
02:24:07 1.12467 1.12485 1.12481 1.12465 0 1.12570
02:31:00 1.12432 1.12446 1.12471 1.12444 0 1.12556
02:37:55 1.12433 1.12449 1.12447 1.12443 0 1.12540
02:44:47 1.12454 1.12471 1.12456 1.12444 0 1.12520
02:51:44 1.12461 1.12475 1.12468 1.12461 0 1.12530
02:58:37 1.12471 1.12487 1.12476 1.12465 0 1.12552
03:05:30 1.12470 1.12486 1.12477 1.12476 0 1.12556
03:12:23 1.12447 1.12461 1.12477 1.12456 0 1.12565
03:19:16 1.12475 1.12492 1.12480 1.12453 0 1.12544
03:26:09 1.12510 1.12525 1.12511 1.12482 0 1.12552
03:33:09 1.12531 1.12548 1.12531 1.12525 0 1.12596
03:40:03 1.12520 1.12538 1.12537 1.12524 0 1.12620
03:47:07 1.12535 1.12551 1.12541 1.12536 0 1.12611
03:54:01 1.12534 1.12551 1.12542 1.12539 0 1.12626
04:00:55 1.12531 1.12547 1.12542 1.12543 0 1.12626
04:07:49 1.12538 1.12554 1.12556 1.12546 0 1.12619
04:14:44 1.12539 1.12555 1.12544 1.12545 0 1.12649
04:21:40 1.12532 1.12548 1.12545 1.12542 0 1.12626
04:28:34 1.12540 1.12556 1.12551 1.12546 0 1.12623
04:35:29 1.12539 1.12557 1.12551 1.12555 0 1.12635
04:42:23 1.12528 1.12545 1.12539 1.12538 0 1.12650
04:49:17 1.12512 1.12530 1.12528 1.12527 0 1.12624
04:56:12 1.12505 1.12523 1.12517 1.12517 0 1.12615
05:03:09 1.12504 1.12521 1.12518 1.12513 0 1.12597
05:10:03 1.12531 1.12548 1.12545 1.12520 0 1.12590
05:16:56 1.12589 1.12604 1.12589 1.12548 1.12589 1.12627
05:23:52 1.12588 1.12604 1.12597 1.12583 0 1.12667
05:30:46 1.12586 1.12602 1.12593 1.12584 0 1.12680
05:37:41 1.12588 1.12604 1.12596 1.12590 0 1.12668
05:44:34 1.12582 1.12599 1.12589 1.12584 0 1.12686
05:51:30 1.12588 1.12604 1.12633 1.12598 0 1.12666
05:58:24 1.12502 1.12520 1.12588 1.12511 0 1.12663
06:05:26 1.12480 1.12496 1.12504 1.12488 0 1.12594
06:12:41 1.12481 1.12498 1.12511 1.12490 0 1.12571
06:19:40 1.12433 1.12448 1.12492 1.12415 0 1.12559
06:26:34 1.12490 1.12507 1.12504 1.12428 0 1.12535
06:33:31 1.12482 1.12499 1.12495 1.12470 0 1.12559
06:40:26 1.12518 1.12534 1.12525 1.12486 0 1.12575
06:47:21 1.12541 1.12558 1.12542 1.12516 0 1.12599
06:54:16 1.12558 1.12574 1.12560 1.12546 0 1.12622
07:01:10 1.12571 1.12587 1.12571 1.12540 0 1.12641
07:08:05 1.12667 1.12683 1.12667 1.12556 1.12647 1.12666
07:14:60 1.12710 1.12725 1.12712 1.12665 1.12684 0
07:21:55 1.12683 1.12698 1.12715 1.12652 1.12578 1.12774
07:28:49 1.12661 1.12676 1.12713 1.12674 1.12653 1.12767
07:35:44 1.12741 1.12758 1.12749 1.12671 1.12684 1.12780
07:42:39 1.12601 1.12617 1.12742 1.12615 0 1.12770
07:49:34 1.12625 1.12641 1.12654 1.12608 0 1.12727
07:56:28 1.12527 1.12543 1.12625 1.12441 0 1.12628
08:03:24 1.12478 1.12494 1.12577 1.12472 0 1.12602
08:10:19 1.12475 1.12490 1.12506 1.12471 0 1.12580
08:17:14 1.12484 1.12500 1.12486 1.12463 0 1.12557
08:24:09 1.12493 1.12508 1.12553 1.12491 0 1.12572
08:31:05 1.12446 1.12461 1.12494 1.12458 0 1.12589
08:38:00 1.12381 1.12396 1.12446 1.12355 0 1.12501
08:44:55 1.12383 1.12398 1.12402 1.12371 0 1.12468
08:51:50 1.12295 1.12310 1.12404 1.12310 0 1.12445
08:58:45 1.12351 1.12366 1.12356 1.12288 0 1.12416
09:05:40 1.12419 1.12433 1.12437 1.12361 1.12446 1.12451
09:12:35 1.12415 1.12432 1.12429 1.12412 1.12334 1.12506
09:19:32 1.12404 1.12418 1.12424 1.12409 1.12317 1.12505
09:26:27 1.12385 1.12401 1.12417 1.12380 1.12266 1.12495
09:33:23 1.12420 1.12436 1.12461 1.12401 1.12465 1.12486
09:40:41 1.12386 1.12400 1.12440 1.12380 1.12273 1.12508
09:47:37 1.12431 1.12447 1.12433 1.12393 1.12365 1.12489
09:54:32 1.12440 1.12455 1.12455 1.12432 1.12448 1.12506
10:01:27 1.12483 1.12500 1.12488 1.12455 1.12454 1.12540
10:08:23 1.12480 1.12497 1.12506 1.12491 1.12475 1.12568
10:15:18 1.12476 1.12491 1.12485 1.12481 1.12313 1.12589
10:22:17 1.12480 1.12494 1.12487 1.12478 1.12433 1.12558
10:29:15 1.12501 1.12516 1.12501 1.12485 1.12488 1.12558
10:36:13 1.12518 1.12533 1.12524 1.12505 1.12523 1.12576
10:43:08 1.12590 1.12605 1.12592 1.12501 1.12547 1.12610
10:50:04 1.12532 1.12546 1.12593 1.12540 0 1.12645
10:56:59 1.12528 1.12543 1.12543 1.12520 0 1.12634
11:03:55 1.12528 1.12543 1.12578 1.12542 0 1.12616
11:10:53 1.12480 1.12494 1.12532 1.12478 0 1.12619
11:17:50 1.12515 1.12529 1.12528 1.12475 0 1.12576
11:24:46 1.12503 1.12519 1.12553 1.12514 0 1.12595
11:31:43 1.12500 1.12517 1.12514 1.12488 0 1.12608
11:38:40 1.12463 1.12477 1.12505 1.12474 0 1.12571
11:45:36 1.12427 1.12441 1.12476 1.12425 0 1.12554
11:52:32 1.12469 1.12484 1.12476 1.12431 0 1.12526
11:59:29 1.12533 1.12549 1.12549 1.12478 1.12556 1.12567
12:06:25 1.12558 1.12574 1.12571 1.12536 1.12511 1.12628
12:13:22 1.12483 1.12498 1.12561 1.12492 0 1.12624
12:20:18 1.12467 1.12482 1.12493 1.12460 0 1.12581
12:27:14 1.12472 1.12488 1.12518 1.12475 0 1.12559
12:34:10 1.12330 1.12348 1.12694 1.12284 1.12436 1.12566
12:41:07 1.12264 1.12278 1.12416 1.12275 1.12189 1.12448
12:48:03 1.12336 1.12352 1.12336 1.12239 1.12212 1.12370
12:54:59 1.12344 1.12360 1.12417 1.12303 1.12386 0
13:01:57 1.12368 1.12383 1.12427 1.12342 1.12315 1.12466
13:08:53 1.12309 1.12325 1.12376 1.12324 1.12217 1.12447
13:15:50 1.12432 1.12450 1.12451 1.12319 1.12393 0
13:22:46 1.12344 1.12360 1.12446 1.12320 1.12297 1.12468
13:29:43 1.12305 1.12321 1.12380 1.12309 1.12229 1.12437
13:36:40 1.12316 1.12333 1.12328 1.12226 0 1.12372
13:43:36 1.12291 1.12307 1.12389 1.12285 1.12364 1.12394
13:50:33 1.12222 1.12239 1.12316 1.12214 1.12096 1.12370
13:57:30 1.12230 1.12246 1.12258 1.12174 1.12117 1.12304
14:04:26 1.12283 1.12299 1.12331 1.12246 1.12328 0
14:11:24 1.12356 1.12373 1.12391 1.12273 1.12290 1.12406
14:18:21 1.12365 1.12381 1.12373 1.12318 1.12261 1.12430
14:25:34 1.12315 1.12331 1.12388 1.12312 1.12288 1.12429
14:32:31 1.12359 1.12376 1.12359 1.12323 1.12244 1.12429
14:39:28 1.12377 1.12393 1.12394 1.12359 1.12400 1.12435
14:46:25 1.12317 1.12334 1.12388 1.12328 0 1.12456
14:53:22 1.12378 1.12393 1.12394 1.12319 0 1.12434
15:00:19 1.12368 1.12383 1.12388 1.12334 0 1.12439
15:07:17 1.12399 1.12415 1.12399 1.12341 0 1.12445
15:14:14 1.12419 1.12434 1.12449 1.12396 1.12450 1.12480
15:21:13 1.12339 1.12354 1.12425 1.12352 1.12233 1.12491
15:28:11 1.12308 1.12325 1.12371 1.12318 1.12211 1.12441
15:35:08 1.12259 1.12274 1.12311 1.12271 1.12153 1.12389
15:42:06 1.12226 1.12242 1.12263 1.12225 1.12117 1.12339
15:49:04 1.12239 1.12254 1.12261 1.12237 1.12227 1.12318
15:56:01 1.12221 1.12237 1.12253 1.12234 1.12143 1.12332
16:02:59 1.12216 1.12232 1.12234 1.12220 1.12081 1.12327
16:09:57 1.12234 1.12250 1.12237 1.12210 1.12166 1.12302
16:16:56 1.12244 1.12259 1.12247 1.12241 1.12260 1.12304
16:23:54 1.12258 1.12273 1.12261 1.12247 0 1.12331
16:30:55 1.12253 1.12269 1.12278 1.12257 0 1.12337
16:37:52 1.12224 1.12241 1.12261 1.12237 0 1.12355
16:44:51 1.12161 1.12176 1.12233 1.12174 0 1.12307
16:51:49 1.12120 1.12136 1.12166 1.12115 0 1.12243
16:58:46 1.12145 1.12159 1.12152 1.12100 0 1.12205
17:05:47 1.12099 1.12115 1.12147 1.12099 0 1.12203
17:12:50 1.12152 1.12168 1.12162 1.12115 0 1.12208
17:19:50 1.12154 1.12170 1.12186 1.12165 0 1.12238
17:26:49 1.12166 1.12181 1.12179 1.12165 0 1.12265
17:33:47 1.12177 1.12192 1.12191 1.12181 0 1.12248
17:40:48 1.12180 1.12198 1.12187 1.12176 0 1.12277
17:47:50 1.12188 1.12203 1.12188 1.12182 0 1.12260
17:55:49 1.12190 1.12205 1.12204 1.12196 0 1.12262
18:02:49 1.12166 1.12182 1.12191 1.12174 0 1.12292
18:09:47 1.12163 1.12180 1.12175 1.12145 0 1.12258
18:16:46 1.12225 1.12240 1.12230 1.12178 0 1.12255
18:23:49 1.12242 1.12259 1.12247 1.12239 0 1.12315
18:30:51 1.12234 1.12253 1.12257 1.12238 0 1.12334
18:37:49 1.12244 1.12259 1.12247 1.12244 0 1.12337
18:44:48 1.12260 1.12276 1.12260 1.12252 0 1.12327
18:51:47 1.12296 1.12312 1.12300 1.12270 0 1.12340
18:58:46 1.12286 1.12300 1.12304 1.12291 0 1.12380
19:05:51 1.12239 1.12256 1.12286 1.12255 0 1.12377
19:12:51 1.12253 1.12268 1.12268 1.12251 0 1.12345
19:19:51 1.12250 1.12267 1.12267 1.12260 0 1.12336
19:26:50 1.12252 1.12266 1.12264 1.12264 0 1.12345
19:33:49 1.12242 1.12257 1.12260 1.12256 0 1.12354
19:40:48 1.12261 1.12277 1.12264 1.12255 0 1.12337
19:47:50 1.12284 1.12298 1.12284 1.12275 0 1.12337
19:54:49 1.12282 1.12298 1.12285 1.12285 0 1.12372
20:01:48 1.12300 1.12314 1.12303 1.12292 0 1.12363
20:09:01 1.12298 1.12313 1.12305 1.12301 0 1.12387
20:16:07 1.12297 1.12311 1.12304 1.12306 0 1.12389
20:23:07 1.12298 1.12313 1.12309 1.12305 0 1.12388
20:30:06 1.12300 1.12317 1.12310 1.12311 0 1.12391
20:37:08 1.12298 1.12313 1.12304 1.12309 0 1.12402
20:44:11 1.12286 1.12301 1.12299 1.12289 0 1.12394
20:51:23 1.12270 1.12287 1.12288 1.12282 0 1.12378
21:03:00 1.12229 1.12303 1.12287 1.12281 0 1.12364
21:09:60 1.12253 1.12304 1.12259 1.12278 0 1.12378
21:17:35 1.12261 1.12289 1.12261 1.12286 0 1.12348
21:24:58 1.12275 1.12307 1.12275 1.12284 0 1.12360
21:32:06 1.12256 1.12290 1.12291 1.12289 0 1.12365
21:39:10 1.12276 1.12292 1.12278 1.12281 0 1.12388
21:46:14 1.12272 1.12296 1.12280 1.12286 0 1.12357
21:53:47 1.12280 1.12308 1.12287 1.12293 0 1.12366
22:00:54 1.12278 1.12295 1.12288 1.12293 0 1.12380
22:07:55 1.12302 1.12320 1.12304 1.12293 0 1.12368
22:15:04 1.12311 1.12328 1.12312 1.12318 0 1.12383
22:22:33 1.12312 1.12327 1.12319 1.12326 0 1.12404
22:29:34 1.12296 1.12313 1.12312 1.12312 0 1.12418
22:37:00 1.12300 1.12318 1.12303 1.12309 0 1.12397
22:44:01 1.12311 1.12327 1.12311 1.12316 0 1.12382
22:51:01 1.12313 1.12330 1.12319 1.12323 0 1.12399
22:58:03 1.12304 1.12323 1.12321 1.12313 0 1.12412
23:05:05 1.12309 1.12327 1.12314 1.12317 0 1.12403
23:12:05 1.12302 1.12320 1.12309 1.12311 0 1.12403
23:19:05 1.12276 1.12295 1.12304 1.12291 0 1.12397
23:26:07 1.12259 1.12273 1.12277 1.12268 0 1.12380
23:33:08 1.12260 1.12276 1.12261 1.12260 0 1.12349
23:40:08 1.12254 1.12272 1.12265 1.12266 0 1.12335
23:47:08 1.12261 1.12279 1.12265 1.12264 0 1.12354
23:54:08 1.12280 1.12298 1.12281 1.12272 0 1.12339
00:01:08 1.12280 1.12298 1.12288 1.12289 0 1.12363
00:08:12 1.12299 1.12316 1.12305 1.12295 0 1.12371
00:15:15 1.12276 1.12292 1.12301 1.12280 0 1.12391
00:22:16 1.12290 1.12306 1.12307 1.12292 0 1.12367
00:29:17 1.12316 1.12332 1.12318 1.12306 0 1.12382
00:36:24 1.12313 1.12327 1.12322 1.12322 0 1.12398
00:43:25 1.12303 1.12320 1.12318 1.12303 0 1.12412
00:50:25 1.12300 1.12317 1.12319 1.12306 0 1.12388
00:57:30 1.12298 1.12314 1.12301 1.12292 0 1.12402
01:04:33 1.12268 1.12284 1.12305 1.12272 0 1.12371
01:11:34 1.12264 1.12281 1.12280 1.12275 0 1.12373
01:18:34 1.12276 1.12291 1.12292 1.12278 0 1.12352
01:25:37 1.12261 1.12277 1.12280 1.12269 0 1.12377
01:32:38 1.12261 1.12278 1.12267 1.12224 0 1.12346
01:39:45 1.12267 1.12281 1.12270 1.12259 0 1.12327
01:46:46 1.12280 1.12297 1.12289 1.12275 0 1.12353
01:53:48 1.12254 1.12269 1.12280 1.12263 0 1.12373
02:00:50 1.12237 1.12253 1.12260 1.12253 0 1.12355
02:07:51 1.12205 1.12220 1.12248 1.12198 0 1.12323
02:14:52 1.12210 1.12225 1.12237 1.12214 0 1.12300
02:21:56 1.12172 1.12188 1.12219 1.12185 0 1.12300
02:29:02 1.12164 1.12178 1.12180 1.12169 0 1.12274
02:36:03 1.12188 1.12205 1.12192 1.12175 0 1.12248
02:43:12 1.12180 1.12198 1.12190 1.12190 0 1.12270
02:50:13 1.12215 1.12231 1.12217 1.12196 0 1.12269
02:57:16 1.12225 1.12242 1.12233 1.12230 0 1.12297
03:04:18 1.12214 1.12232 1.12226 1.12210 0 1.12321
03:11:27 1.12232 1.12248 1.12233 1.12219 0 1.12293
03:18:29 1.12239 1.12256 1.12241 1.12243 0 1.12309
03:25:32 1.12244 1.12261 1.12254 1.12248 0 1.12328
03:32:34 1.12244 1.12261 1.12252 1.12253 0 1.12341
03:39:38 1.12243 1.12261 1.12249 1.12242 0 1.12341
03:46:39 1.12252 1.12269 1.12260 1.12258 0 1.12320
03:53:43 1.12258 1.12276 1.12260 1.12259 0 1.12350
04:00:45 1.12257 1.12274 1.12261 1.12264 0 1.12342
04:07:55 1.12244 1.12260 1.12257 1.12250 0 1.12353
04:14:60 1.12254 1.12273 1.12257 1.12248 0 1.12333
04:22:08 1.12234 1.12250 1.12255 1.12238 0 1.12337
04:29:50 1.12246 1.12260 1.12252 1.12250 0 1.12326
04:36:54 1.12230 1.12244 1.12247 1.12244 0 1.12339
04:43:59 1.12230 1.12244 1.12239 1.12235 0 1.12333
04:51:02 1.12205 1.12220 1.12233 1.12203 0 1.12316
04:58:06 1.12203 1.12220 1.12217 1.12212 0 1.12297
05:05:09 1.12212 1.12229 1.12230 1.12209 0 1.12290
05:12:12 1.12209 1.12226 1.12215 1.12213 0 1.12311
05:19:15 1.12224 1.12239 1.12233 1.12225 0 1.12288
05:26:18 1.12234 1.12249 1.12237 1.12234 0 1.12318
05:33:21 1.12254 1.12269 1.12257 1.12248 0 1.12314
05:40:24 1.12278 1.12293 1.12284 1.12264 0 1.12339
05:47:27 1.12288 1.12303 1.12313 1.12291 0 1.12367
05:54:37 1.12282 1.12300 1.12297 1.12287 0 1.12393
06:01:39 1.12182 1.12200 1.12351 1.12180 0 1.12350
06:08:41 1.12234 1.12252 1.12274 1.12194 0 1.12325
06:15:44 1.12141 1.12155 1.12261 1.12153 0 1.12290
06:22:47 1.12154 1.12170 1.12172 1.12126 0 1.12248
06:29:50 1.12154 1.12170 1.12182 1.12134 0 1.12227
06:36:53 1.12118 1.12133 1.12172 1.12125 0 1.12237
06:43:55 1.12002 1.12017 1.12130 1.12009 0 1.12173
06:50:58 1.12092 1.12108 1.12104 1.11968 0 1.12119
06:58:01 1.12122 1.12139 1.12153 1.12104 1.12157 1.12186
07:05:04 1.12206 1.12222 1.12210 1.12127 1.12114 1.12246
07:12:06 1.12262 1.12278 1.12263 1.12218 1.12250 0
07:19:09 1.12261 1.12277 1.12282 1.12228 1.12172 1.12339
07:26:12 1.12316 1.12332 1.12335 1.12254 1.12298 1.12358
07:33:16 1.12315 1.12331 1.12326 1.12292 0 1.12391
07:40:29 1.12301 1.12315 1.12345 1.12303 0 1.12397
07:47:32 1.12314 1.12331 1.12365 1.12315 0 1.12413
07:54:38 1.12273 1.12288 1.12338 1.12262 0 1.12402
08:01:41 1.12269 1.12283 1.12287 1.12240 0 1.12356
08:08:44 1.12297 1.12312 1.12300 1.12264 0 1.12347
08:15:48 1.12249 1.12264 1.12311 1.12250 0 1.12364
08:22:54 1.12242 1.12258 1.12266 1.12240 0 1.12354
08:30:00 1.12232 1.12247 1.12254 1.12219 0 1.12321
08:37:04 1.12219 1.12235 1.12244 1.12210 0 1.12312
08:44:08 1.12223 1.12238 1.12239 1.12207 0 1.12305
08:51:54 1.12246 1.12260 1.12246 1.12208 0 1.12302
08:59:01 1.12305 1.12319 1.12308 1.12210 1.12260 1.12323
09:06:06 1.12263 1.12279 1.12338 1.12264 1.12276 0
09:13:10 1.12337 1.12352 1.12347 1.12279 1.12243 0
09:20:13 1.12390 1.12406 1.12391 1.12349 1.12390 0
09:27:17 1.12345 1.12360 1.12393 1.12354 1.12274 1.12462
09:34:21 1.12370 1.12386 1.12385 1.12354 1.12282 1.12455
09:41:25 1.12364 1.12380 1.12390 1.12359 1.12332 1.12449
09:48:29 1.12325 1.12340 1.12383 1.12339 1.12243 1.12453
09:55:36 1.12280 1.12294 1.12334 1.12293 1.12137 1.12420
10:02:40 1.12253 1.12270 1.12290 1.12263 1.12154 1.12370
10:09:46 1.12249 1.12263 1.12266 1.12259 1.12179 1.12347
10:16:51 1.12224 1.12239 1.12252 1.12209 1.12080 1.12330
10:23:56 1.12223 1.12237 1.12239 1.12212 1.12160 1.12305
10:31:04 1.12217 1.12232 1.12235 1.12214 1.12158 1.12304
10:38:08 1.12221 1.12235 1.12237 1.12224 1.12189 1.12304
10:45:12 1.12175 1.12189 1.12247 1.12186 0 1.12307
10:52:16 1.12176 1.12192 1.12189 1.12167 0 1.12284
10:59:21 1.12161 1.12177 1.12192 1.12167 0 1.12251
11:06:29 1.12156 1.12171 1.12178 1.12164 0 1.12265
11:13:33 1.12107 1.12123 1.12166 1.12122 0 1.12243
11:20:38 1.12128 1.12142 1.12135 1.12108 0 1.12215
11:27:45 1.12117 1.12132 1.12145 1.12120 0 1.12199
11:34:52 1.12105 1.12119 1.12154 1.12109 0 1.12215
11:42:01 1.12132 1.12146 1.12136 1.12119 0 1.12215
11:49:05 1.12167 1.12183 1.12185 1.12144 0 1.12218
11:56:10 1.12179 1.12194 1.12196 1.12169 0 1.12261
12:03:15 1.12159 1.12174 1.12179 1.12137 0 1.12259
12:10:22 1.12208 1.12223 1.12222 1.12170 0 1.12251
12:17:28 1.12209 1.12223 1.12220 1.12187 0 1.12288
12:24:33 1.12205 1.12220 1.12233 1.12206 0 1.12289
12:31:38 1.12109 1.12124 1.12211 1.12124 0 1.12273
12:38:44 1.12152 1.12168 1.12175 1.12118 0 1.12231
12:45:48 1.12138 1.12154 1.12155 1.12097 0 1.12212
12:52:53 1.12128 1.12145 1.12164 1.12095 0 1.12204
12:59:59 1.12163 1.12180 1.12189 1.12139 0 1.12229
13:07:04 1.12189 1.12203 1.12198 1.12158 0 1.12257
13:14:10 1.12190 1.12205 1.12193 1.12171 0 1.12264
13:21:18 1.12198 1.12212 1.12206 1.12194 0 1.12265
13:28:24 1.12169 1.12186 1.12202 1.12170 0 1.12285
13:35:29 1.12206 1.12222 1.12221 1.12140 0 1.12260
13:42:35 1.12195 1.12212 1.12239 1.12196 0 1.12280
13:49:40 1.12183 1.12200 1.12209 1.12166 0 1.12287
13:56:47 1.12171 1.12186 1.12211 1.12185 0 1.12266
14:03:53 1.12127 1.12141 1.12185 1.12111 0 1.12253
14:10:59 1.11993 1.12008 1.12136 1.12003 0 1.12167
14:18:05 1.11941 1.11959 1.11995 1.11908 0 1.12054
14:25:10 1.11883 1.11898 1.11968 1.11895 0 1.12008
14:32:16 1.11890 1.11907 1.11925 1.11886 0 1.11996
14:39:22 1.11876 1.11892 1.11916 1.11837 0 1.11965
14:46:28 1.11833 1.11848 1.11915 1.11843 0 1.11955
14:53:35 1.11822 1.11838 1.11842 1.11752 0 1.11904
15:00:41 1.11901 1.11917 1.11911 1.11828 1.11906 1.11925
15:07:47 1.11931 1.11946 1.11945 1.11909 1.11896 1.11998
15:14:52 1.11957 1.11973 1.11973 1.11914 1.11876 1.12023
15:21:60 1.11959 1.11974 1.11975 1.11959 1.11936 1.12038
15:29:06 1.11968 1.11983 1.11977 1.11959 1.11882 1.12052
15:36:14 1.11950 1.11966 1.11986 1.11946 1.11890 1.12048
15:43:20 1.11943 1.11957 1.11965 1.11921 1.11795 1.12042
15:50:26 1.11952 1.11967 1.11973 1.11946 1.11955 1.12025
15:57:34 1.11948 1.11964 1.11987 1.11960 1.11936 1.12046
16:04:40 1.11895 1.11910 1.11952 1.11910 0 1.12042
16:11:47 1.11856 1.11871 1.11905 1.11865 0 1.11984
16:18:53 1.11820 1.11836 1.11858 1.11833 0 1.11941
16:26:01 1.11807 1.11823 1.11825 1.11810 0 1.11910
16:33:07 1.11827 1.11843 1.11833 1.11821 0 1.11892
16:40:23 1.11877 1.11893 1.11877 1.11837 0 1.11915
16:47:33 1.11933 1.11948 1.11933 1.11893 1.11935 1.11972
16:54:54 1.11897 1.11911 1.11941 1.11909 1.11838 1.12010
17:02:01 1.11908 1.11926 1.11920 1.11898 1.11764 1.12008
17:09:07 1.11924 1.11940 1.11935 1.11912 1.11930 1.11986
17:16:14 1.11932 1.11946 1.11946 1.11927 0 1.12009
