14:13:54 1.12330 1.12347 1.12330 0.00000
14:20:56 1.12331 1.12348 1.12373 1.12334
14:25:34 1.12315 1.12331 1.12315 0.00000
14:32:35 1.12358 1.12375 1.12360 1.12323
14:39:38 1.12372 1.12386 1.12394 1.12359
14:46:39 1.12311 1.12328 1.12388 1.12319
14:53:40 1.12376 1.12391 1.12394 1.12325
15:00:43 1.12364 1.12378 1.12376 1.12334
15:07:44 1.12391 1.12406 1.12400 1.12341
15:14:46 1.12417 1.12432 1.12449 1.12404
15:21:49 1.12356 1.12373 1.12420 1.12352
15:28:51 1.12300 1.12315 1.12371 1.12312
15:35:53 1.12246 1.12261 1.12310 1.12255
15:42:55 1.12236 1.12250 1.12261 1.12225
15:49:57 1.12239 1.12254 1.12261 1.12237
15:56:60 1.12232 1.12247 1.12253 1.12232
16:04:01 1.12209 1.12225 1.12232 1.12220
16:11:07 1.12241 1.12257 1.12243 1.12210
16:18:10 1.12236 1.12252 1.12247 1.12241
16:25:12 1.12249 1.12264 1.12261 1.12247
16:32:15 1.12247 1.12262 1.12278 1.12256
16:39:23 1.12216 1.12231 1.12261 1.12230
16:46:25 1.12149 1.12165 1.12216 1.12137
16:53:27 1.12121 1.12135 1.12156 1.12115
17:00:33 1.12119 1.12135 1.12152 1.12100
17:07:38 1.12126 1.12140 1.12134 1.12099
17:14:47 1.12156 1.12170 1.12162 1.12140
17:21:51 1.12155 1.12172 1.12186 1.12165
17:28:57 1.12180 1.12196 1.12185 1.12165
17:36:01 1.12178 1.12193 1.12191 1.12185
17:43:04 1.12176 1.12192 1.12182 1.12176
17:50:15 1.12196 1.12213 1.12204 1.12189
17:57:18 1.12186 1.12200 1.12196 1.12195
18:04:20 1.12147 1.12164 1.12190 1.12163
18:11:23 1.12198 1.12214 1.12198 1.12145
18:18:28 1.12235 1.12252 1.12237 1.12212
18:25:30 1.12246 1.12261 1.12257 1.12248
18:32:35 1.12232 1.12247 1.12247 1.12238
18:39:37 1.12242 1.12257 1.12249 1.12245
18:39:48 1.12246 1.12263 1.12246 0.00000
18:46:51 1.12287 1.12302 1.12287 1.12254
18:53:57 1.12292 1.12307 1.12304 1.12298
19:01:00 1.12266 1.12280 1.12299 1.12280
19:08:08 1.12239 1.12254 1.12270 1.12251
19:15:12 1.12249 1.12264 1.12268 1.12252
19:22:29 1.12257 1.12271 1.12257 0.00000
19:29:45 1.12254 1.12268 1.12264 1.12262
19:36:49 1.12249 1.12265 1.12258 1.12255
19:43:52 1.12262 1.12278 1.12273 1.12265
19:51:01 1.12272 1.12289 1.12285 1.12276
19:58:06 1.12288 1.12304 1.12292 1.12285
20:05:22 1.12288 1.12304 1.12305 1.12296
20:12:25 1.12298 1.12314 1.12298 1.12301
20:19:29 1.12304 1.12321 1.12304 1.12306
20:26:33 1.12303 1.12317 1.12309 1.12305
20:33:42 1.12302 1.12320 1.12310 1.12309
20:40:60 1.12286 1.12300 1.12302 1.12300
20:48:09 1.12275 1.12291 1.12288 1.12282
20:55:13 1.12275 1.12293 1.12278 1.12281
21:03:00 1.12229 1.12303 1.12287 1.12292
21:10:33 1.12259 1.12304 1.12259 1.12278
21:17:55 1.12261 1.12298 1.12261 1.12286
21:24:59 1.12275 1.12308 1.12275 1.12284
21:32:06 1.12256 1.12290 1.12291 1.12289
21:39:10 1.12276 1.12292 1.12278 1.12281
21:46:14 1.12272 1.12296 1.12280 1.12286
21:53:47 1.12280 1.12308 1.12287 1.12293
22:00:54 1.12278 1.12295 1.12288 1.12293
22:08:01 1.12305 1.12322 1.12305 1.12293
22:15:05 1.12311 1.12327 1.12312 1.12318
22:22:33 1.12312 1.12327 1.12319 1.12326
22:29:43 1.12298 1.12315 1.12312 1.12311
22:37:00 1.12300 1.12318 1.12303 1.12309
22:44:20 1.12310 1.12327 1.12311 1.12316
22:51:30 1.12317 1.12334 1.12319 1.12323
22:58:37 1.12307 1.12323 1.12321 1.12313
23:05:46 1.12300 1.12317 1.12314 1.12312
23:12:52 1.12299 1.12316 1.12304 1.12311
23:19:58 1.12274 1.12293 1.12303 1.12291
23:27:06 1.12257 1.12271 1.12274 1.12268
23:34:11 1.12257 1.12272 1.12264 1.12260
23:41:19 1.12251 1.12266 1.12265 1.12266
23:48:24 1.12259 1.12277 1.12265 1.12264
23:55:31 1.12274 1.12292 1.12284 1.12277
00:02:37 1.12286 1.12304 1.12288 1.12290
00:09:42 1.12286 1.12304 1.12305 1.12302
00:16:46 1.12289 1.12305 1.12301 1.12280
00:23:51 1.12305 1.12322 1.12308 1.12301
00:30:57 1.12311 1.12328 1.12322 1.12312
00:38:03 1.12314 1.12328 1.12321 1.12322
00:45:07 1.12312 1.12327 1.12319 1.12303
00:52:17 1.12297 1.12313 1.12313 1.12306
00:59:22 1.12294 1.12310 1.12301 1.12292
01:06:27 1.12274 1.12290 1.12305 1.12272
01:13:34 1.12285 1.12303 1.12292 1.12275
01:20:39 1.12270 1.12285 1.12287 1.12280
01:27:44 1.12246 1.12260 1.12277 1.12259
01:34:49 1.12266 1.12280 1.12267 1.12224
01:41:56 1.12267 1.12282 1.12270 1.12259
01:49:02 1.12257 1.12273 1.12289 1.12267
01:56:08 1.12254 1.12269 1.12277 1.12261
02:03:14 1.12232 1.12246 1.12260 1.12241
02:10:21 1.12215 1.12231 1.12239 1.12198
02:17:27 1.12213 1.12227 1.12237 1.12216
02:24:37 1.12168 1.12184 1.12213 1.12178
02:31:53 1.12179 1.12195 1.12179 1.12169
02:38:59 1.12183 1.12199 1.12192 1.12194
02:46:04 1.12205 1.12220 1.12207 1.12190
02:53:15 1.12229 1.12243 1.12229 1.12209
03:00:21 1.12201 1.12217 1.12233 1.12217
03:07:27 1.12209 1.12226 1.12224 1.12210
03:14:37 1.12233 1.12249 1.12241 1.12225
03:21:44 1.12239 1.12254 1.12243 1.12248
03:28:49 1.12249 1.12264 1.12254 1.12249
03:35:56 1.12230 1.12247 1.12252 1.12244
03:43:08 1.12254 1.12268 1.12259 1.12242
03:50:15 1.12253 1.12269 1.12260 1.12259
03:57:22 1.12254 1.12272 1.12260 1.12264
04:04:29 1.12244 1.12260 1.12261 1.12255
04:11:38 1.12249 1.12266 1.12251 1.12248
04:18:51 1.12241 1.12257 1.12257 1.12257
04:25:59 1.12251 1.12266 1.12252 1.12238
04:33:07 1.12236 1.12252 1.12252 1.12248
04:40:17 1.12220 1.12236 1.12238 1.12235
04:47:23 1.12209 1.12225 1.12239 1.12225
04:54:39 1.12204 1.12221 1.12217 1.12203
05:01:47 1.12225 1.12240 1.12225 1.12209
05:08:54 1.12208 1.12225 1.12230 1.12213
05:16:01 1.12225 1.12240 1.12228 1.12221
05:23:07 1.12223 1.12239 1.12233 1.12234
05:30:14 1.12246 1.12261 1.12254 1.12239
05:37:23 1.12254 1.12269 1.12264 1.12258
05:44:44 1.12290 1.12305 1.12313 1.12269
05:52:00 1.12273 1.12290 1.12297 1.12287
05:59:08 1.12339 1.12353 1.12342 1.12289
06:06:15 1.12256 1.12274 1.12351 1.12180
06:13:22 1.12203 1.12217 1.12274 1.12209
06:20:29 1.12154 1.12171 1.12206 1.12126
06:27:37 1.12160 1.12176 1.12182 1.12134
06:34:44 1.12119 1.12135 1.12173 1.12125
06:41:52 1.12049 1.12064 1.12132 1.12057
06:48:59 1.12041 1.12056 1.12057 1.11968
06:56:07 1.12136 1.12151 1.12139 1.12051
07:03:14 1.12192 1.12207 1.12208 1.12127
07:10:22 1.12253 1.12270 1.12263 1.12187
07:17:29 1.12214 1.12230 1.12282 1.12228
07:24:37 1.12308 1.12324 1.12335 1.12228
07:31:44 1.12308 1.12323 1.12334 1.12292
07:38:54 1.12309 1.12323 1.12345 1.12316
07:46:01 1.12328 1.12342 1.12365 1.12303
07:53:08 1.12257 1.12273 1.12339 1.12266
08:00:16 1.12244 1.12260 1.12287 1.12260
08:07:27 1.12294 1.12309 1.12294 1.12240
08:14:35 1.12241 1.12255 1.12311 1.12250
08:21:42 1.12246 1.12260 1.12266 1.12240
08:28:51 1.12243 1.12258 1.12254 1.12219
08:35:60 1.12225 1.12239 1.12244 1.12210
08:43:08 1.12212 1.12227 1.12239 1.12207
08:51:54 1.12246 1.12260 1.12246 1.12208
08:59:02 1.12307 1.12321 1.12308 1.12210
09:06:10 1.12266 1.12280 1.12338 1.12264
09:13:18 1.12339 1.12354 1.12347 1.12280
09:20:26 1.12388 1.12405 1.12391 1.12349
09:27:37 1.12346 1.12361 1.12393 1.12354
09:34:49 1.12374 1.12390 1.12385 1.12354
09:41:59 1.12368 1.12386 1.12390 1.12359
09:49:08 1.12327 1.12343 1.12383 1.12333
09:56:17 1.12269 1.12283 1.12334 1.12283
10:03:25 1.12263 1.12279 1.12290 1.12263
10:10:34 1.12246 1.12260 1.12266 1.12257
10:17:42 1.12220 1.12236 1.12247 1.12209
10:24:52 1.12217 1.12233 1.12239 1.12212
10:32:00 1.12209 1.12225 1.12235 1.12214
10:39:09 1.12244 1.12259 1.12244 1.12225
10:46:18 1.12155 1.12170 1.12247 1.12169
10:53:27 1.12182 1.12196 1.12189 1.12167
11:00:36 1.12164 1.12179 1.12192 1.12166
11:07:47 1.12147 1.12164 1.12178 1.12160
11:14:56 1.12095 1.12110 1.12166 1.12108
11:22:05 1.12139 1.12154 1.12145 1.12109
11:29:17 1.12127 1.12143 1.12142 1.12120
11:36:26 1.12134 1.12148 1.12154 1.12109
11:43:39 1.12137 1.12151 1.12141 1.12127
11:50:48 1.12177 1.12194 1.12196 1.12149
11:57:56 1.12152 1.12168 1.12185 1.12165
12:05:06 1.12174 1.12191 1.12182 1.12137
12:12:15 1.12208 1.12223 1.12222 1.12190
12:19:25 1.12215 1.12231 1.12217 1.12187
12:26:34 1.12191 1.12205 1.12233 1.12199
12:33:43 1.12153 1.12169 1.12193 1.12118
12:40:53 1.12112 1.12127 1.12175 1.12115
12:48:03 1.12113 1.12130 1.12164 1.12097
12:55:12 1.12169 1.12183 1.12170 1.12095
13:02:21 1.12142 1.12158 1.12189 1.12158
13:09:31 1.12178 1.12193 1.12198 1.12158
13:16:40 1.12200 1.12215 1.12206 1.12171
13:23:49 1.12189 1.12205 1.12202 1.12194
13:30:59 1.12145 1.12162 1.12191 1.12140
13:38:08 1.12232 1.12246 1.12239 1.12162
13:45:17 1.12199 1.12213 1.12232 1.12190
13:52:29 1.12189 1.12206 1.12211 1.12166
13:59:38 1.12134 1.12149 1.12210 1.12144
14:06:48 1.12114 1.12129 1.12136 1.12111
14:14:01 1.11902 1.11918 1.12114 1.11912
14:21:15 1.11938 1.11952 1.11971 1.11908
14:28:25 1.11881 1.11896 1.11942 1.11889
14:35:34 1.11848 1.11864 1.11916 1.11837
14:42:44 1.11854 1.11870 1.11915 1.11858
14:49:54 1.11747 1.11762 1.11893 1.11752
14:57:04 1.11848 1.11864 1.11857 1.11762
15:04:14 1.11906 1.11921 1.11932 1.11854
15:11:25 1.11954 1.11970 1.11954 1.11914
15:18:35 1.11966 1.11981 1.11975 1.11960
15:25:45 1.11966 1.11982 1.11973 1.11959
15:32:55 1.11973 1.11989 1.11986 1.11970
15:40:05 1.11915 1.11931 1.11983 1.11921
15:47:15 1.11945 1.11962 1.11959 1.11922
15:54:26 1.11955 1.11972 1.11987 1.11961
16:01:37 1.11942 1.11959 1.11972 1.11932
16:08:48 1.11902 1.11916 1.11943 1.11880
16:15:60 1.11837 1.11851 1.11902 1.11845
16:23:14 1.11813 1.11828 1.11839 1.11813
16:30:25 1.11822 1.11837 1.11823 1.11810
16:37:35 1.11853 1.11867 1.11855 1.11831
16:44:47 1.11919 1.11934 1.11927 1.11867
16:51:59 1.11908 1.11924 1.11941 1.11923
16:59:09 1.11914 1.11929 1.11917 1.11898
17:06:20 1.11914 1.11930 1.11920 1.11912
17:13:31 1.11927 1.11941 1.11936 1.11927
