14:13:54 1.12330 1.12347 1.12330 0.00000
14:20:47 1.12331 1.12347 1.12373 1.12334
14:25:34 1.12315 1.12331 1.12315 0.00000
14:32:28 1.12354 1.12370 1.12354 1.12323
14:39:20 1.12372 1.12386 1.12394 1.12359
14:46:13 1.12335 1.12350 1.12388 1.12328
14:53:06 1.12383 1.12397 1.12385 1.12319
14:59:59 1.12360 1.12375 1.12394 1.12334
15:06:55 1.12383 1.12399 1.12383 1.12341
15:13:48 1.12434 1.12449 1.12449 1.12396
15:20:41 1.12371 1.12388 1.12434 1.12370
15:27:35 1.12321 1.12336 1.12371 1.12336
15:34:28 1.12260 1.12275 1.12321 1.12272
15:41:21 1.12221 1.12237 1.12266 1.12225
15:48:17 1.12244 1.12260 1.12261 1.12230
15:55:10 1.12229 1.12245 1.12253 1.12241
16:02:04 1.12215 1.12231 1.12234 1.12221
16:08:57 1.12227 1.12241 1.12227 1.12210
16:15:51 1.12236 1.12253 1.12244 1.12241
16:22:44 1.12253 1.12269 1.12256 1.12247
16:29:37 1.12259 1.12274 1.12278 1.12257
16:36:35 1.12232 1.12246 1.12261 1.12240
16:43:31 1.12183 1.12200 1.12233 1.12199
16:50:25 1.12120 1.12137 1.12185 1.12115
16:57:19 1.12124 1.12141 1.12142 1.12100
17:04:13 1.12097 1.12113 1.12152 1.12099
17:11:07 1.12151 1.12166 1.12158 1.12112
17:18:09 1.12168 1.12184 1.12186 1.12163
17:25:03 1.12172 1.12186 1.12176 1.12165
17:31:57 1.12180 1.12196 1.12191 1.12178
17:38:53 1.12168 1.12182 1.12187 1.12176
17:45:47 1.12182 1.12197 1.12186 1.12180
17:52:46 1.12191 1.12205 1.12204 1.12194
17:59:43 1.12186 1.12200 1.12192 1.12185
18:06:39 1.12139 1.12156 1.12186 1.12145
18:13:33 1.12215 1.12233 1.12215 1.12151
18:20:27 1.12232 1.12249 1.12242 1.12230
18:27:22 1.12231 1.12249 1.12257 1.12238
18:34:16 1.12244 1.12261 1.12247 1.12244
18:39:48 1.12246 1.12263 1.12246 0.00000
18:46:42 1.12287 1.12301 1.12287 1.12254
18:53:36 1.12292 1.12309 1.12304 1.12298
19:00:30 1.12277 1.12292 1.12299 1.12282
19:07:25 1.12240 1.12256 1.12277 1.12251
19:14:29 1.12251 1.12268 1.12268 1.12252
19:21:27 1.12252 1.12267 1.12267 1.12260
19:22:29 1.12257 1.12271 1.12257 0.00000
19:29:23 1.12254 1.12269 1.12264 1.12262
19:36:21 1.12251 1.12268 1.12258 1.12255
19:43:18 1.12273 1.12289 1.12273 1.12265
19:50:15 1.12277 1.12292 1.12285 1.12276
19:57:11 1.12290 1.12304 1.12292 1.12285
20:04:06 1.12292 1.12309 1.12305 1.12296
20:11:00 1.12296 1.12312 1.12298 1.12301
20:18:01 1.12303 1.12317 1.12304 1.12306
20:24:55 1.12298 1.12312 1.12309 1.12305
20:31:50 1.12298 1.12312 1.12310 1.12309
20:38:55 1.12299 1.12314 1.12304 1.12311
20:45:51 1.12282 1.12296 1.12299 1.12289
20:52:47 1.12266 1.12284 1.12283 1.12281
21:03:00 1.12229 1.12303 1.12287 1.12284
21:09:60 1.12253 1.12304 1.12259 1.12278
21:16:59 1.12258 1.12290 1.12259 1.12286
21:24:18 1.12266 1.12304 1.12268 1.12284
21:31:33 1.12269 1.12290 1.12291 1.12290
21:38:31 1.12273 1.12290 1.12276 1.12281
21:45:30 1.12269 1.12295 1.12280 1.12286
21:52:45 1.12282 1.12307 1.12287 1.12293
21:59:44 1.12272 1.12297 1.12288 1.12293
22:07:06 1.12303 1.12322 1.12304 1.12293
22:14:04 1.12310 1.12328 1.12312 1.12318
22:21:00 1.12315 1.12331 1.12319 1.12326
22:27:57 1.12301 1.12320 1.12315 1.12316
22:34:54 1.12294 1.12311 1.12301 1.12309
22:42:01 1.12304 1.12321 1.12311 1.12311
22:48:57 1.12317 1.12334 1.12319 1.12321
22:55:53 1.12300 1.12315 1.12321 1.12315
23:03:01 1.12310 1.12328 1.12314 1.12313
23:10:01 1.12300 1.12317 1.12311 1.12311
23:16:56 1.12290 1.12306 1.12304 1.12300
23:23:56 1.12264 1.12280 1.12293 1.12280
23:30:52 1.12254 1.12270 1.12266 1.12260
23:37:48 1.12264 1.12280 1.12265 1.12264
23:44:46 1.12263 1.12280 1.12265 1.12264
23:51:54 1.12274 1.12291 1.12275 1.12272
23:58:50 1.12277 1.12295 1.12284 1.12286
00:05:46 1.12292 1.12307 1.12305 1.12291
00:12:42 1.12277 1.12294 1.12301 1.12292
00:19:40 1.12298 1.12316 1.12301 1.12280
00:26:40 1.12307 1.12322 1.12313 1.12303
00:33:41 1.12317 1.12332 1.12322 1.12316
00:40:44 1.12298 1.12314 1.12320 1.12313
00:47:43 1.12299 1.12314 1.12319 1.12303
00:54:39 1.12275 1.12292 1.12301 1.12292
01:01:39 1.12293 1.12310 1.12305 1.12292
01:08:40 1.12259 1.12277 1.12294 1.12272
01:15:36 1.12274 1.12290 1.12292 1.12276
01:22:33 1.12261 1.12276 1.12280 1.12276
01:29:29 1.12226 1.12242 1.12271 1.12234
01:36:27 1.12260 1.12277 1.12270 1.12224
01:43:24 1.12273 1.12287 1.12282 1.12268
01:50:20 1.12264 1.12278 1.12289 1.12267
01:57:17 1.12259 1.12275 1.12277 1.12261
02:04:15 1.12239 1.12253 1.12260 1.12241
02:11:22 1.12225 1.12240 1.12239 1.12198
02:18:21 1.12201 1.12217 1.12237 1.12216
02:25:23 1.12161 1.12175 1.12212 1.12174
02:32:27 1.12185 1.12202 1.12186 1.12169
02:39:24 1.12183 1.12199 1.12192 1.12194
02:46:21 1.12205 1.12219 1.12208 1.12190
02:53:19 1.12230 1.12244 1.12230 1.12209
03:00:16 1.12203 1.12220 1.12233 1.12218
03:07:18 1.12214 1.12228 1.12224 1.12210
03:14:15 1.12240 1.12254 1.12240 1.12225
03:21:13 1.12239 1.12256 1.12243 1.12248
03:28:17 1.12242 1.12257 1.12254 1.12249
03:35:16 1.12231 1.12248 1.12252 1.12245
03:42:13 1.12254 1.12270 1.12257 1.12242
03:49:11 1.12253 1.12268 1.12260 1.12259
03:56:09 1.12250 1.12266 1.12260 1.12264
04:03:07 1.12244 1.12261 1.12261 1.12259
04:10:05 1.12233 1.12249 1.12251 1.12248
04:17:02 1.12246 1.12261 1.12257 1.12248
04:24:00 1.12247 1.12263 1.12250 1.12238
04:30:58 1.12241 1.12255 1.12252 1.12248
04:37:57 1.12232 1.12246 1.12247 1.12244
04:45:04 1.12229 1.12245 1.12239 1.12235
04:52:23 1.12217 1.12232 1.12232 1.12203
04:59:21 1.12205 1.12220 1.12217 1.12209
05:06:21 1.12210 1.12226 1.12230 1.12219
05:13:21 1.12221 1.12237 1.12225 1.12213
05:20:20 1.12230 1.12245 1.12233 1.12235
05:27:18 1.12244 1.12258 1.12246 1.12234
05:34:23 1.12259 1.12276 1.12264 1.12255
05:41:29 1.12295 1.12310 1.12301 1.12264
05:48:29 1.12287 1.12302 1.12313 1.12291
05:55:29 1.12288 1.12305 1.12297 1.12287
06:02:27 1.12207 1.12224 1.12351 1.12180
06:09:27 1.12252 1.12266 1.12274 1.12220
06:16:26 1.12124 1.12140 1.12261 1.12126
06:23:25 1.12153 1.12170 1.12172 1.12136
06:30:23 1.12153 1.12167 1.12182 1.12134
06:37:22 1.12127 1.12143 1.12153 1.12125
06:44:21 1.11977 1.11994 1.12130 1.11968
06:51:20 1.12090 1.12105 1.12104 1.11978
06:58:19 1.12118 1.12135 1.12153 1.12104
07:05:18 1.12208 1.12223 1.12217 1.12127
07:12:17 1.12263 1.12280 1.12265 1.12218
07:19:16 1.12258 1.12275 1.12282 1.12228
07:26:14 1.12307 1.12322 1.12335 1.12254
07:33:13 1.12315 1.12332 1.12326 1.12292
07:40:29 1.12301 1.12315 1.12345 1.12303
07:47:30 1.12322 1.12338 1.12365 1.12315
07:54:29 1.12273 1.12289 1.12338 1.12262
08:01:28 1.12269 1.12285 1.12287 1.12240
08:08:27 1.12280 1.12296 1.12300 1.12264
08:15:29 1.12253 1.12267 1.12311 1.12250
08:22:28 1.12243 1.12259 1.12266 1.12240
08:29:27 1.12241 1.12257 1.12254 1.12219
08:36:26 1.12215 1.12230 1.12244 1.12210
08:43:25 1.12208 1.12225 1.12239 1.12207
08:51:54 1.12246 1.12260 1.12246 1.12208
08:58:54 1.12307 1.12321 1.12308 1.12210
09:05:55 1.12273 1.12289 1.12338 1.12264
09:12:58 1.12341 1.12356 1.12347 1.12279
09:19:57 1.12388 1.12405 1.12390 1.12349
09:26:59 1.12341 1.12358 1.12393 1.12354
09:34:00 1.12354 1.12369 1.12385 1.12354
09:41:01 1.12369 1.12386 1.12390 1.12359
09:48:01 1.12328 1.12345 1.12383 1.12343
09:55:01 1.12285 1.12300 1.12334 1.12298
10:02:00 1.12269 1.12285 1.12290 1.12278
10:08:60 1.12250 1.12267 1.12271 1.12259
10:16:00 1.12222 1.12239 1.12261 1.12209
10:23:02 1.12217 1.12232 1.12239 1.12222
10:30:01 1.12229 1.12244 1.12233 1.12212
10:37:01 1.12230 1.12245 1.12237 1.12224
10:44:02 1.12203 1.12218 1.12247 1.12215
10:51:02 1.12172 1.12188 1.12204 1.12167
10:58:02 1.12158 1.12173 1.12192 1.12171
11:05:02 1.12158 1.12172 1.12166 1.12164
11:12:02 1.12138 1.12154 1.12178 1.12152
11:19:05 1.12132 1.12146 1.12138 1.12108
11:26:06 1.12120 1.12135 1.12145 1.12128
11:33:07 1.12112 1.12128 1.12154 1.12120
11:40:07 1.12125 1.12140 1.12136 1.12109
11:47:07 1.12172 1.12189 1.12178 1.12127
11:54:07 1.12158 1.12174 1.12196 1.12174
12:01:08 1.12153 1.12167 1.12185 1.12137
12:08:09 1.12205 1.12220 1.12222 1.12163
12:15:09 1.12198 1.12212 1.12220 1.12187
12:22:10 1.12210 1.12224 1.12233 1.12210
12:29:12 1.12147 1.12163 1.12211 1.12160
12:36:12 1.12141 1.12156 1.12170 1.12118
12:43:17 1.12100 1.12116 1.12175 1.12097
12:50:18 1.12092 1.12108 1.12164 1.12095
12:57:19 1.12187 1.12201 1.12189 1.12108
13:04:20 1.12145 1.12162 1.12187 1.12158
13:11:21 1.12162 1.12176 1.12198 1.12161
13:18:22 1.12187 1.12203 1.12206 1.12171
13:25:23 1.12173 1.12189 1.12202 1.12185
13:32:24 1.12213 1.12230 1.12221 1.12140
13:39:26 1.12189 1.12206 1.12239 1.12198
13:46:27 1.12160 1.12176 1.12217 1.12176
13:53:28 1.12194 1.12210 1.12211 1.12166
14:00:29 1.12101 1.12118 1.12210 1.12115
14:07:32 1.12087 1.12103 1.12136 1.12095
14:14:34 1.11934 1.11950 1.12104 1.11912
14:21:35 1.11937 1.11951 1.11971 1.11908
14:28:36 1.11908 1.11924 1.11938 1.11889
14:35:37 1.11854 1.11869 1.11916 1.11837
14:42:39 1.11846 1.11860 1.11915 1.11858
14:49:40 1.11745 1.11761 1.11893 1.11752
14:56:42 1.11817 1.11831 1.11857 1.11760
15:03:44 1.11927 1.11942 1.11932 1.11831
15:10:45 1.11918 1.11935 1.11945 1.11914
15:17:47 1.11960 1.11977 1.11975 1.11923
15:24:49 1.11952 1.11968 1.11973 1.11959
15:31:53 1.11982 1.11998 1.11986 1.11968
15:39:16 1.11918 1.11932 1.11983 1.11932
15:46:17 1.11949 1.11965 1.11959 1.11921
15:53:22 1.11978 1.11992 1.11987 1.11957
16:00:24 1.11921 1.11937 1.11979 1.11935
16:07:26 1.11892 1.11907 1.11944 1.11880
16:14:31 1.11847 1.11864 1.11903 1.11845
16:21:40 1.11800 1.11814 1.11856 1.11814
16:28:47 1.11813 1.11829 1.11817 1.11810
16:35:50 1.11853 1.11869 1.11854 1.11827
16:42:54 1.11924 1.11938 1.11927 1.11865
16:49:55 1.11934 1.11949 1.11941 1.11930
16:57:00 1.11890 1.11904 1.11938 1.11898
17:04:03 1.11914 1.11929 1.11920 1.11902
17:11:10 1.11914 1.11929 1.11935 1.11919
17:18:14 1.11945 1.11959 1.11946 1.11927
