1.764790860e+1 9.97125e-1 0.00000e+0
2.268957581e+1 9.99149e-1 1.88696e-4
2.268961228e+1 9.98839e-1 1.88696e-4
2.268961288e+1 9.98735e-1 1.88696e-4
2.268961641e+1 9.98528e-1 1.88696e-4
2.268961760e+1 9.98010e-1 1.88696e-4
2.268962410e+1 9.97182e-1 1.88696e-4
2.268962530e+1 9.96975e-1 1.88696e-4
2.268963951e+1 9.96871e-1 1.88696e-4
2.268964528e+1 9.96250e-1 1.88696e-4
2.268965362e+1 9.96043e-1 1.88696e-4
2.268965480e+1 9.95940e-1 1.88696e-4
2.268965598e+1 9.95836e-1 1.88696e-4
2.268965716e+1 9.95732e-1 1.88696e-4
2.268966542e+1 9.95629e-1 1.88696e-4
2.268967252e+1 9.95525e-1 1.88696e-4
2.268967372e+1 9.95422e-1 1.88696e-4
2.268967786e+1 9.94697e-1 1.88696e-4
2.268967904e+1 9.94594e-1 1.88696e-4
2.269005649e+1 9.94490e-1 1.88696e-4
2.269006601e+1 9.94386e-1 1.88696e-4
2.269007561e+1 9.94283e-1 1.88696e-4
2.269013691e+1 9.93662e-1 1.88696e-4
2.269024490e+1 9.93455e-1 1.88696e-4
2.269040791e+1 9.92626e-1 1.88696e-4
2.269040851e+1 9.92523e-1 1.88696e-4
2.269040969e+1 9.92419e-1 1.88696e-4
2.269052672e+1 9.92005e-1 1.88696e-4
2.269053088e+1 9.91901e-1 1.88696e-4
2.269053449e+1 9.91798e-1 1.88696e-4
2.269054098e+1 9.91694e-1 1.88696e-4
2.269054216e+1 9.91177e-1 1.88696e-4
2.269054277e+1 9.90970e-1 1.88696e-4
2.269054395e+1 9.90555e-1 1.88696e-4
2.269054513e+1 9.90348e-1 1.88696e-4
3.053890625e+1 9.75510e-1 3.78518e-4
3.053890685e+1 9.75309e-1 3.78518e-4
3.053891235e+1 9.75107e-1 3.78518e-4
3.053901591e+1 9.75006e-1 3.78518e-4
3.053906611e+1 9.74603e-1 3.78518e-4
3.053907024e+1 9.74402e-1 3.78518e-4
3.053907083e+1 9.74301e-1 3.78518e-4
3.053908190e+1 9.74200e-1 3.78518e-4
3.053909188e+1 9.73394e-1 3.78518e-4
3.053909363e+1 9.73293e-1 3.78518e-4
3.053910537e+1 9.72991e-1 3.78518e-4
3.053912471e+1 9.72890e-1 3.78518e-4
3.053912589e+1 9.72587e-1 3.78518e-4
3.053912943e+1 9.72487e-1 3.78518e-4
3.053913003e+1 9.72285e-1 3.78518e-4
3.053913240e+1 9.71680e-1 3.78518e-4
3.053914748e+1 9.71580e-1 3.78518e-4
3.054242730e+1 9.71479e-1 3.78518e-4
3.054242850e+1 9.71076e-1 3.78518e-4
3.054242968e+1 9.70975e-1 3.78518e-4
3.054243145e+1 9.70874e-1 3.78518e-4
3.054243263e+1 9.70672e-1 3.78518e-4
3.054243322e+1 9.70370e-1 3.78518e-4
3.054243440e+1 9.70168e-1 3.78518e-4
3.078352428e+1 9.68455e-1 3.78518e-4
3.078352487e+1 9.68101e-1 3.78518e-4
3.078352606e+1 9.67698e-1 3.78518e-4
3.078353553e+1 9.67496e-1 3.78518e-4
3.078353613e+1 9.66085e-1 3.78518e-4
3.078353672e+1 9.65581e-1 3.78518e-4
3.078353731e+1 9.65379e-1 3.78518e-4
3.078353792e+1 9.65178e-1 3.78518e-4
3.080447152e+1 9.64775e-1 3.78518e-4
3.080447388e+1 9.64674e-1 3.78518e-4
3.080448748e+1 9.64170e-1 3.78518e-4
3.080448808e+1 9.63868e-1 3.78518e-4
3.080448927e+1 9.63666e-1 3.78518e-4
3.089626313e+1 9.63464e-1 3.78518e-4
3.089626582e+1 9.63263e-1 3.78518e-4
3.089829473e+1 9.62860e-1 3.78518e-4
3.089829534e+1 9.62759e-1 3.78518e-4
3.089829593e+1 9.62658e-1 3.78518e-4
3.089830046e+1 9.62457e-1 3.78518e-4
3.089981131e+1 9.62356e-1 3.78518e-4
3.090039921e+1 9.61751e-1 3.78518e-4
3.090039981e+1 9.61449e-1 3.78518e-4
3.092304157e+1 9.59130e-1 3.78518e-4
3.092404944e+1 9.58929e-1 3.78518e-4
3.092411215e+1 9.58626e-1 3.78518e-4
3.092411333e+1 9.58526e-1 3.78518e-4
3.092434012e+1 9.58425e-1 3.78518e-4
3.092434130e+1 9.58223e-1 3.78518e-4
3.092434436e+1 9.58022e-1 3.78518e-4
3.092460002e+1 9.57719e-1 3.78518e-4
3.092460120e+1 9.57619e-1 3.78518e-4
3.092460238e+1 9.57518e-1 3.78518e-4
3.092460299e+1 9.57215e-1 3.78518e-4
3.092460358e+1 9.56409e-1 3.78518e-4
3.092460418e+1 9.56308e-1 3.78518e-4
3.092468854e+1 9.56006e-1 3.78518e-4
3.094850108e+1 9.55804e-1 3.78518e-4
3.096400459e+1 9.55704e-1 3.78518e-4
3.096404552e+1 9.55603e-1 3.78518e-4
3.096404963e+1 9.55502e-1 3.78518e-4
3.096405674e+1 9.55401e-1 3.78518e-4
3.096405733e+1 9.54897e-1 3.78518e-4
3.096405910e+1 9.54696e-1 3.78518e-4
3.096406087e+1 9.54292e-1 3.78518e-4
3.096406147e+1 9.54192e-1 3.78518e-4
3.096416536e+1 9.53688e-1 3.78518e-4
3.096416596e+1 9.53587e-1 3.78518e-4
3.096416714e+1 9.53486e-1 3.78518e-4
3.096417008e+1 9.53385e-1 3.78518e-4
3.096431508e+1 9.53184e-1 3.78518e-4
3.096431567e+1 9.53083e-1 3.78518e-4
3.096776198e+1 9.52982e-1 3.78518e-4
3.096776258e+1 9.52781e-1 3.78518e-4
3.096776376e+1 9.52680e-1 3.78518e-4
3.096777329e+1 9.52579e-1 3.78518e-4
3.096779116e+1 9.52478e-1 3.78518e-4
3.098339216e+1 9.52075e-1 3.78518e-4
3.098339334e+1 9.51974e-1 3.78518e-4
3.098345425e+1 9.51873e-1 3.78518e-4
3.098363958e+1 9.51672e-1 3.78518e-4
3.098364019e+1 9.50966e-1 3.78518e-4
3.098364078e+1 9.50866e-1 3.78518e-4
3.098375286e+1 9.50362e-1 3.78518e-4
3.098375346e+1 9.50059e-1 3.78518e-4
3.098375582e+1 9.49958e-1 3.78518e-4
3.098376531e+1 9.49253e-1 3.78518e-4
3.098376649e+1 9.49051e-1 3.78518e-4
3.098379161e+1 9.48951e-1 3.78518e-4
3.098379811e+1 9.48850e-1 3.78518e-4
3.098379872e+1 9.48346e-1 3.78518e-4
3.098381488e+1 9.47741e-1 3.78518e-4
3.098381609e+1 9.47338e-1 3.78518e-4
3.098396122e+1 9.46935e-1 3.78518e-4
3.098396182e+1 9.46532e-1 3.78518e-4
3.100625698e+1 9.45826e-1 3.78518e-4
3.100625757e+1 9.45725e-1 3.78518e-4
3.100625876e+1 9.45624e-1 3.78518e-4
3.100626377e+1 9.45020e-1 3.78518e-4
3.100626438e+1 9.44818e-1 3.78518e-4
3.100628159e+1 9.44717e-1 3.78518e-4
8.747763166e+1 1.11326e+0 7.93208e-3
9.794797524e+1 1.05607e+0 8.63917e-3
9.794797584e+1 1.05596e+0 8.63917e-3
9.794797891e+1 1.05575e+0 8.63917e-3
9.794797950e+1 1.05531e+0 8.63917e-3
9.794798777e+1 1.05509e+0 8.63917e-3
9.794799468e+1 1.05477e+0 8.63917e-3
9.794799586e+1 1.05466e+0 8.63917e-3
9.794799985e+1 1.05455e+0 8.63917e-3
9.794800044e+1 1.05390e+0 8.63917e-3
9.794800104e+1 1.05346e+0 8.63917e-3
9.794800222e+1 1.05314e+0 8.63917e-3
9.794800340e+1 1.05303e+0 8.63917e-3
9.794800752e+1 1.05281e+0 8.63917e-3
9.794801167e+1 1.05270e+0 8.63917e-3
9.794801611e+1 1.05249e+0 8.63917e-3
9.794801729e+1 1.05205e+0 8.63917e-3
9.988610225e+1 9.01988e-1 8.63917e-3
9.991101722e+1 9.01882e-1 8.63917e-3
9.991103362e+1 9.01121e-1 8.63917e-3
9.991103421e+1 9.00795e-1 8.63917e-3
9.991103481e+1 9.00469e-1 8.63917e-3
9.991103541e+1 9.00361e-1 8.63917e-3
9.991103660e+1 9.00143e-1 8.63917e-3
9.991103956e+1 8.99926e-1 8.63917e-3
9.991104075e+1 8.99383e-1 8.63917e-3
9.991104432e+1 8.99274e-1 8.63917e-3
9.991104550e+1 8.99165e-1 8.63917e-3
9.991111348e+1 8.98948e-1 8.63917e-3
9.991111407e+1 8.98296e-1 8.63917e-3
9.991111525e+1 8.98188e-1 8.63917e-3
9.991115391e+1 8.98079e-1 8.63917e-3
9.991115490e+1 8.97536e-1 8.63917e-3
9.991115554e+1 8.96666e-1 8.63917e-3
9.991115674e+1 8.96014e-1 8.63917e-3
9.991115734e+1 8.95688e-1 8.63917e-3
9.991115852e+1 8.95036e-1 8.63917e-3
9.992380838e+1 8.94928e-1 8.63917e-3
9.992380898e+1 8.94384e-1 8.63917e-3
9.992381549e+1 8.94167e-1 8.63917e-3
9.992418664e+1 8.94058e-1 8.63917e-3
9.992418725e+1 8.93950e-1 8.63917e-3
9.992419490e+1 8.93624e-1 8.63917e-3
9.992419609e+1 8.93298e-1 8.63917e-3
9.992419845e+1 8.92972e-1 8.63917e-3
9.992419963e+1 8.92863e-1 8.63917e-3
9.992420081e+1 8.92754e-1 8.63917e-3
9.992420200e+1 8.92646e-1 8.63917e-3
9.992420559e+1 8.92428e-1 8.63917e-3
9.992420681e+1 8.92211e-1 8.63917e-3
9.992420742e+1 8.91559e-1 8.63917e-3
9.992420802e+1 8.91450e-1 8.63917e-3
9.992420920e+1 8.91233e-1 8.63917e-3
9.992423169e+1 8.90472e-1 8.63917e-3
9.992423406e+1 8.90364e-1 8.63917e-3
9.992423465e+1 8.90255e-1 8.63917e-3
9.992423584e+1 8.89277e-1 8.63917e-3
9.992423978e+1 8.89168e-1 8.63917e-3
9.992430471e+1 8.88842e-1 8.63917e-3
9.992434383e+1 8.88516e-1 8.63917e-3
9.992434503e+1 8.88408e-1 8.63917e-3
9.992446567e+1 8.87865e-1 8.63917e-3
9.992446626e+1 8.87321e-1 8.63917e-3
9.992447512e+1 8.87213e-1 8.63917e-3
9.992447748e+1 8.86995e-1 8.63917e-3
9.992447866e+1 8.86887e-1 8.63917e-3
9.992448454e+1 8.86561e-1 8.63917e-3
9.992448572e+1 8.86452e-1 8.63917e-3
9.992448885e+1 8.86126e-1 8.63917e-3
9.992449005e+1 8.86017e-1 8.63917e-3
9.992449417e+1 8.85909e-1 8.63917e-3
9.992449712e+1 8.85800e-1 8.63917e-3
9.992517003e+1 8.84170e-1 8.63917e-3
9.992757073e+1 8.83953e-1 8.63917e-3
9.992757487e+1 8.83518e-1 8.63917e-3
9.992757547e+1 8.83083e-1 8.63917e-3
9.992757723e+1 8.82866e-1 8.63917e-3
9.992757784e+1 8.82757e-1 8.63917e-3
9.992757902e+1 8.82540e-1 8.63917e-3
9.992758199e+1 8.82105e-1 8.63917e-3
9.992758907e+1 8.81888e-1 8.63917e-3
9.992759025e+1 8.81779e-1 8.63917e-3
9.992760074e+1 8.81671e-1 8.63917e-3
9.992760311e+1 8.81127e-1 8.63917e-3
9.992760370e+1 8.81019e-1 8.63917e-3
9.992760429e+1 8.80910e-1 8.63917e-3
9.992777981e+1 8.80693e-1 8.63917e-3
9.992779669e+1 8.80584e-1 8.63917e-3
9.992779729e+1 8.79606e-1 8.63917e-3
9.992779788e+1 8.79389e-1 8.63917e-3
9.992779848e+1 8.79280e-1 8.63917e-3
9.992779907e+1 8.78737e-1 8.63917e-3
9.992780144e+1 8.78519e-1 8.63917e-3
9.992782428e+1 8.78302e-1 8.63917e-3
9.992782488e+1 8.78085e-1 8.63917e-3
9.992782666e+1 8.77976e-1 8.63917e-3
9.992814691e+1 8.77867e-1 8.63917e-3
9.992814811e+1 8.77759e-1 8.63917e-3
9.992817476e+1 8.77433e-1 8.63917e-3
9.992817535e+1 8.77215e-1 8.63917e-3
9.992819049e+1 8.76672e-1 8.63917e-3
9.992820116e+1 8.76564e-1 8.63917e-3
9.992820530e+1 8.76238e-1 8.63917e-3
9.992820589e+1 8.75694e-1 8.63917e-3
9.992820707e+1 8.75586e-1 8.63917e-3
9.992820766e+1 8.75151e-1 8.63917e-3
9.992822001e+1 8.75042e-1 8.63917e-3
9.992822060e+1 8.74934e-1 8.63917e-3
9.992822179e+1 8.74499e-1 8.63917e-3
9.992822356e+1 8.73956e-1 8.63917e-3
9.992822416e+1 8.73521e-1 8.63917e-3
9.992834785e+1 8.73304e-1 8.63917e-3
9.992835199e+1 8.73195e-1 8.63917e-3
9.992835317e+1 8.72978e-1 8.63917e-3
9.992835377e+1 8.72326e-1 8.63917e-3
9.992835616e+1 8.71674e-1 8.63917e-3
9.992835794e+1 8.71456e-1 8.63917e-3
9.992836508e+1 8.71348e-1 8.63917e-3
9.992837013e+1 8.70804e-1 8.63917e-3
9.992837131e+1 8.70696e-1 8.63917e-3
9.992837191e+1 8.70478e-1 8.63917e-3
9.992837310e+1 8.70261e-1 8.63917e-3
9.992838083e+1 8.70044e-1 8.63917e-3
9.992838142e+1 8.69500e-1 8.63917e-3
9.992838203e+1 8.69066e-1 8.63917e-3
9.992838262e+1 8.68740e-1 8.63917e-3
9.992838439e+1 8.68522e-1 8.63917e-3
9.992838913e+1 8.68305e-1 8.63917e-3
9.992839091e+1 8.68196e-1 8.63917e-3
9.992839209e+1 8.67979e-1 8.63917e-3
9.992840483e+1 8.67544e-1 8.63917e-3
9.992842910e+1 8.67436e-1 8.63917e-3
9.992856674e+1 8.67327e-1 8.63917e-3
9.992856793e+1 8.66892e-1 8.63917e-3
9.992857325e+1 8.66784e-1 8.63917e-3
9.992857846e+1 8.66566e-1 8.63917e-3
9.992857964e+1 8.65915e-1 8.63917e-3
9.992858905e+1 8.65806e-1 8.63917e-3
9.992859024e+1 8.64719e-1 8.63917e-3
9.992859144e+1 8.64611e-1 8.63917e-3
9.992859381e+1 8.64285e-1 8.63917e-3
9.992859441e+1 8.63741e-1 8.63917e-3
9.992859500e+1 8.63633e-1 8.63917e-3
9.992859678e+1 8.63415e-1 8.63917e-3
9.992859737e+1 8.63307e-1 8.63917e-3
9.992859797e+1 8.62546e-1 8.63917e-3
9.992860035e+1 8.61894e-1 8.63917e-3
9.992860273e+1 8.61568e-1 8.63917e-3
9.992860451e+1 8.61459e-1 8.63917e-3
9.992860576e+1 8.61242e-1 8.63917e-3
9.992860639e+1 8.60916e-1 8.63917e-3
9.993022156e+1 8.60699e-1 8.63917e-3
9.993022215e+1 8.60481e-1 8.63917e-3
9.993022333e+1 8.60264e-1 8.63917e-3
9.993022747e+1 8.59938e-1 8.63917e-3
9.993022807e+1 8.59829e-1 8.63917e-3
9.993023220e+1 8.59395e-1 8.63917e-3
9.993023752e+1 8.58199e-1 8.63917e-3
9.993024321e+1 8.57656e-1 8.63917e-3
9.993024380e+1 8.57439e-1 8.63917e-3
9.993024499e+1 8.57004e-1 8.63917e-3
9.993024735e+1 8.56678e-1 8.63917e-3
9.993024971e+1 8.56569e-1 8.63917e-3
9.993025031e+1 8.55700e-1 8.63917e-3
9.993025269e+1 8.55048e-1 8.63917e-3
9.993025624e+1 8.54940e-1 8.63917e-3
9.993025743e+1 8.54179e-1 8.63917e-3
9.993025801e+1 8.52332e-1 8.63917e-3
9.993025920e+1 8.50919e-1 8.63917e-3
9.993026098e+1 8.50702e-1 8.63917e-3
9.993026334e+1 8.49072e-1 8.63917e-3
9.993027676e+1 8.48311e-1 8.63917e-3
9.993033140e+1 8.48094e-1 8.63917e-3
9.993033822e+1 8.47659e-1 8.63917e-3
9.993034001e+1 8.47224e-1 8.63917e-3
9.993034061e+1 8.47116e-1 8.63917e-3
9.993034181e+1 8.46246e-1 8.63917e-3
9.993034299e+1 8.43856e-1 8.63917e-3
9.993035366e+1 8.43747e-1 8.63917e-3
9.993035603e+1 8.43421e-1 8.63917e-3
9.993035662e+1 8.43313e-1 8.63917e-3
9.993035722e+1 8.42769e-1 8.63917e-3
9.993036017e+1 8.42552e-1 8.63917e-3
9.993036076e+1 8.42335e-1 8.63917e-3
9.993037477e+1 8.42009e-1 8.63917e-3
9.993037536e+1 8.41574e-1 8.63917e-3
9.993054228e+1 8.41031e-1 8.63917e-3
9.993054346e+1 8.40922e-1 8.63917e-3
9.993958286e+1 8.39292e-1 8.63917e-3
9.993958698e+1 8.39075e-1 8.63917e-3
9.993959532e+1 8.38966e-1 8.63917e-3
9.993960770e+1 8.38640e-1 8.63917e-3
9.993960829e+1 8.38097e-1 8.63917e-3
9.993960948e+1 8.37988e-1 8.63917e-3
9.993963780e+1 8.37879e-1 8.63917e-3
9.993964975e+1 8.37553e-1 8.63917e-3
9.993965094e+1 8.37445e-1 8.63917e-3
9.993966074e+1 8.36793e-1 8.63917e-3
9.993966192e+1 8.35380e-1 8.63917e-3
9.993966251e+1 8.34728e-1 8.63917e-3
9.993966727e+1 8.34511e-1 8.63917e-3
9.993966786e+1 8.34293e-1 8.63917e-3
9.993985868e+1 8.33968e-1 8.63917e-3
9.993986046e+1 8.33750e-1 8.63917e-3
9.993986753e+1 8.33533e-1 8.63917e-3
9.993988646e+1 8.33316e-1 8.63917e-3
9.993988705e+1 8.32990e-1 8.63917e-3
9.993989796e+1 8.32881e-1 8.63917e-3
9.993989855e+1 8.32772e-1 8.63917e-3
9.993989973e+1 8.32338e-1 8.63917e-3
9.993990937e+1 8.32012e-1 8.63917e-3
9.993994095e+1 8.31903e-1 8.63917e-3
9.993998984e+1 8.31686e-1 8.63917e-3
9.994000396e+1 8.31577e-1 8.63917e-3
9.994004117e+1 8.31468e-1 8.63917e-3
9.994004177e+1 8.30382e-1 8.63917e-3
9.994004236e+1 8.30056e-1 8.63917e-3
9.994004297e+1 8.29621e-1 8.63917e-3
9.994004356e+1 8.29512e-1 8.63917e-3
9.994004475e+1 8.29078e-1 8.63917e-3
9.994004772e+1 8.28969e-1 8.63917e-3
9.994004891e+1 8.28860e-1 8.63917e-3
9.994005009e+1 8.28208e-1 8.63917e-3
9.994005068e+1 8.27991e-1 8.63917e-3
9.994005187e+1 8.27339e-1 8.63917e-3
9.994005956e+1 8.27013e-1 8.63917e-3
9.994006093e+1 8.26578e-1 8.63917e-3
9.994006212e+1 8.25926e-1 8.63917e-3
9.994006625e+1 8.25166e-1 8.63917e-3
9.994665269e+1 8.25057e-1 8.63917e-3
9.994678762e+1 8.24948e-1 8.63917e-3
9.994680236e+1 8.24731e-1 8.63917e-3
9.994680413e+1 8.24405e-1 8.63917e-3
9.994836464e+1 8.24296e-1 8.63917e-3
9.994836606e+1 8.23970e-1 8.63917e-3
9.994836672e+1 8.23753e-1 8.63917e-3
9.994836791e+1 8.23536e-1 8.63917e-3
9.994837027e+1 8.23427e-1 8.63917e-3
9.994837381e+1 8.22993e-1 8.63917e-3
9.994837441e+1 8.22449e-1 8.63917e-3
9.994838385e+1 8.22341e-1 8.63917e-3
9.994838569e+1 8.22123e-1 8.63917e-3
9.994838630e+1 8.21689e-1 8.63917e-3
9.994839277e+1 8.21363e-1 8.63917e-3
9.994839336e+1 8.20493e-1 8.63917e-3
9.994839573e+1 8.20385e-1 8.63917e-3
9.994839691e+1 8.20167e-1 8.63917e-3
9.994849356e+1 8.19950e-1 8.63917e-3
9.994852255e+1 8.19298e-1 8.63917e-3
9.994852432e+1 8.19189e-1 8.63917e-3
9.994852492e+1 8.18863e-1 8.63917e-3
9.994852551e+1 8.18755e-1 8.63917e-3
9.994855516e+1 8.18537e-1 8.63917e-3
9.994855694e+1 8.18320e-1 8.63917e-3
9.994855812e+1 8.17994e-1 8.63917e-3
9.994858957e+1 8.17777e-1 8.63917e-3
9.994859076e+1 8.15821e-1 8.63917e-3
9.994859194e+1 8.15603e-1 8.63917e-3
9.994859255e+1 8.14843e-1 8.63917e-3
9.994861332e+1 8.14299e-1 8.63917e-3
9.994861473e+1 8.13539e-1 8.63917e-3
9.994861829e+1 8.13321e-1 8.63917e-3
9.994861888e+1 8.13104e-1 8.63917e-3
9.995005715e+1 8.12995e-1 8.63917e-3
9.995005834e+1 8.12887e-1 8.63917e-3
9.995006248e+1 8.12561e-1 8.63917e-3
9.995010728e+1 8.12344e-1 8.63917e-3
9.995012308e+1 8.12235e-1 8.63917e-3
9.995012426e+1 8.11909e-1 8.63917e-3
9.995012486e+1 8.11800e-1 8.63917e-3
9.995012959e+1 8.11692e-1 8.63917e-3
9.995014323e+1 8.11257e-1 8.63917e-3
9.995014441e+1 8.11148e-1 8.63917e-3
9.995014797e+1 8.10388e-1 8.63917e-3
9.995014916e+1 8.10062e-1 8.63917e-3
9.995024135e+1 8.09953e-1 8.63917e-3
9.995024253e+1 8.09844e-1 8.63917e-3
9.995024373e+1 8.09518e-1 8.63917e-3
9.995026378e+1 8.09410e-1 8.63917e-3
9.995026557e+1 8.08866e-1 8.63917e-3
9.995026675e+1 8.08649e-1 8.63917e-3
9.995033228e+1 8.08323e-1 8.63917e-3
9.995238521e+1 8.07454e-1 8.63917e-3
9.995238640e+1 8.07236e-1 8.63917e-3
9.995238699e+1 8.07128e-1 8.63917e-3
9.995239291e+1 8.07019e-1 8.63917e-3
9.995239410e+1 8.06802e-1 8.63917e-3
9.995239470e+1 8.06693e-1 8.63917e-3
9.995241127e+1 8.06584e-1 8.63917e-3
9.995241245e+1 8.06150e-1 8.63917e-3
9.995241373e+1 8.05824e-1 8.63917e-3
9.995253796e+1 8.05715e-1 8.63917e-3
9.995253855e+1 8.05280e-1 8.63917e-3
9.995275973e+1 8.05063e-1 8.63917e-3
9.995320142e+1 8.04411e-1 8.63917e-3
9.995320498e+1 8.03976e-1 8.63917e-3
9.995320853e+1 8.03868e-1 8.63917e-3
9.995320972e+1 8.03759e-1 8.63917e-3
9.995323047e+1 8.03107e-1 8.63917e-3
9.995323106e+1 8.02890e-1 8.63917e-3
9.995323226e+1 8.02781e-1 8.63917e-3
9.995325101e+1 8.02672e-1 8.63917e-3
1.008920651e+2 8.02661e-1 8.63917e-3
1.008920698e+2 8.02552e-1 8.63917e-3
1.008920722e+2 8.02443e-1 8.63917e-3
1.008920793e+2 8.02117e-1 8.63917e-3
1.008920805e+2 8.01900e-1 8.63917e-3
1.008920817e+2 8.01791e-1 8.63917e-3
1.008921158e+2 8.01683e-1 8.63917e-3
1.008924231e+2 8.01574e-1 8.63917e-3
1.008924254e+2 8.01248e-1 8.63917e-3
1.008924266e+2 8.00922e-1 8.63917e-3
1.008924308e+2 8.00813e-1 8.63917e-3
1.008924431e+2 8.00270e-1 8.63917e-3
1.008924437e+2 8.00053e-1 8.63917e-3
1.008924449e+2 7.99835e-1 8.63917e-3
1.008930581e+2 7.99727e-1 8.63917e-3
1.008930611e+2 7.99509e-1 8.63917e-3
1.008930658e+2 7.99401e-1 8.63917e-3
1.008930670e+2 7.98857e-1 8.63917e-3
1.008930877e+2 7.98749e-1 8.63917e-3
1.008930947e+2 7.98640e-1 8.63917e-3
1.008931475e+2 7.98205e-1 8.63917e-3
1.008931487e+2 7.97879e-1 8.63917e-3
1.008931611e+2 7.97771e-1 8.63917e-3
1.008931617e+2 7.97553e-1 8.63917e-3
1.008931628e+2 7.97445e-1 8.63917e-3
1.008931640e+2 7.97336e-1 8.63917e-3
1.008932559e+2 7.97228e-1 8.63917e-3
1.008932571e+2 7.96793e-1 8.63917e-3
1.008932589e+2 7.96576e-1 8.63917e-3
1.008933216e+2 7.96467e-1 8.63917e-3
1.008933261e+2 7.96358e-1 8.63917e-3
1.008933661e+2 7.96250e-1 8.63917e-3
1.008934220e+2 7.96032e-1 8.63917e-3
1.008934232e+2 7.95924e-1 8.63917e-3
1.008934338e+2 7.95815e-1 8.63917e-3
1.008934350e+2 7.95598e-1 8.63917e-3
1.008934368e+2 7.95489e-1 8.63917e-3
1.008934633e+2 7.95380e-1 8.63917e-3
1.008934980e+2 7.95163e-1 8.63917e-3
1.008935009e+2 7.94946e-1 8.63917e-3
1.008935763e+2 7.94837e-1 8.63917e-3
1.008935852e+2 7.94402e-1 8.63917e-3
1.008935913e+2 7.94294e-1 8.63917e-3
1.008935925e+2 7.94076e-1 8.63917e-3
1.008935960e+2 7.93968e-1 8.63917e-3
1.008936241e+2 7.93424e-1 8.63917e-3
1.008936330e+2 7.93098e-1 8.63917e-3
1.008936713e+2 7.92881e-1 8.63917e-3
1.008936748e+2 7.92772e-1 8.63917e-3
1.008936760e+2 7.92229e-1 8.63917e-3
1.008936784e+2 7.92120e-1 8.63917e-3
1.008937720e+2 7.92012e-1 8.63917e-3
1.008937726e+2 7.91903e-1 8.63917e-3
1.008937761e+2 7.91468e-1 8.63917e-3
1.008937773e+2 7.91360e-1 8.63917e-3
1.009232208e+2 7.91142e-1 8.63917e-3
1.009232369e+2 7.91034e-1 8.63917e-3
1.009232452e+2 7.90925e-1 8.63917e-3
1.009232476e+2 7.90708e-1 8.63917e-3
1.009232612e+2 7.90490e-1 8.63917e-3
1.009232638e+2 7.90164e-1 8.63917e-3
1.009232644e+2 7.89947e-1 8.63917e-3
1.009232762e+2 7.89621e-1 8.63917e-3
1.009236967e+2 7.88969e-1 8.63917e-3
1.009236991e+2 7.88317e-1 8.63917e-3
1.009243700e+2 7.88208e-1 8.63917e-3
1.080776089e+2 1.15048e+0 9.08986e-3
1.718379466e+2 1.23623e+0 1.41965e-2
3.157536221e+2 1.51261e+0 3.00633e-2
4.560097169e+2 1.57701e+0 3.25996e-2
5.799820825e+2 1.58773e+0 3.32727e-2
